travaux_groupes/kilucrue/mnt1.asc
NCOLS 101
NROWS 101
XLLCORNER 0
YLLCORNER 0
CELLSIZE 0.990099
NODATA_VALUE NaN
[rows 0 to 13 of 17, columns 66 to 98 of 101]
23.9226103775 23.7186094519 23.6386400576 23.654451489 23.6263123481 23.7446589894 24.1235932987 24.4515194749 24.2960505195 23.9039558557 23.8524460265 24.4901909093 25.5081878229 26.1648753157 26.2726073777 26.2576031973 26.6562653179 27.5346361423 28.2044895571 28.45555013 28.3778537423 28.2659020054 28.2634424278 28.1946389362 28.0484693268 27.6707658454 27.4390603995 27.344530309 27.2661066742 27.1616265793 27.2286809779 27.3994755421 27.5490051074
23.9674746908 23.8203321756 23.7159433367 23.7188143398 23.8157413025 24.0321533596 24.3478731464 24.5605252173 24.5048730824 24.2912454685 24.2812925431 24.6882907983 25.3326072187 25.8512365579 26.0871203754 26.2773404288 26.7326381024 27.3963997489 27.9845724451 28.223399369 28.1939868683 28.1037091572 28.0354367461 27.9467782937 27.730618513 27.4886752248 27.3157709834 27.2763592455 27.2733634604 27.302370119 27.3885633252 27.550107492 27.6686668351
24.1616476755 24.0274253011 23.9520298865 24.0185978518 24.224110899 24.5152737963 24.8081847728 24.9843397612 24.9776164156 24.8570892787 24.7953141058 24.9278967322 25.2273684418 25.549810377 25.8322159527 26.1687513199 26.6644360395 27.2638688531 27.7339177602 27.9333986517 27.8925412463 27.7681728636 27.6390455825 27.4723170961 27.2716594949 27.1115035283 27.0750384577 27.144639253 27.2724262264 27.4060866176 27.5715364687 27.7670028441 27.9500910569
24.5115699494 24.4767570916 24.5001650097 24.6588579128 24.9315658645 25.2317729006 25.4666888459 25.5946361345 25.6092501136 25.5247563621 25.3821038439 25.2636806486 25.2519914036 25.3808072114 25.640022054 26.0391598114 26.5639818903 27.0987844119 27.4976022279 27.6463976544 27.5848480048 27.3932336134 27.1460897707 26.8916656544 26.7137966655 26.6770542719 26.7791107101 26.9732059436 27.1943626057 27.4150602444 27.6554874912 27.9370675277 28.1995247179
25.0150302313 25.1844950886 25.3738113137 25.6250500149 25.8880483065 26.076515667 26.1706929456 26.2191802892 26.2496138174 26.2018393216 26.00006511 25.6941059835 25.4583644452 25.4322106247 25.6359793123 26.0078654467 26.4650804842 26.9208651771 27.2531419867 27.3974803065 27.3210241735 27.0648405169 26.6885511468 26.3453895874 26.1840003119 26.2600048532 26.495890039 26.7812507433 27.0473454115 27.302823911 27.6073859502 27.9748535734 28.3099057018
25.5563509282 25.9569756142 26.3480062177 26.6772333423 26.858305875 26.8361231013 26.7128974236 26.6618091911 26.7248911164 26.7362495193 26.5251881895 26.1279612182 25.7757517143 25.6668489619 25.8075723324 26.0758199721 26.3918561832 26.7157066038 26.9888728383 27.1176307755 27.0540212358 26.7612703619 26.326875612 25.9324214264 25.7815224694 25.9251973628 26.2533805388 26.5845789292 26.8493583876 27.1201164512 27.4873214966 27.932967256 28.3264795073
25.9331378562 26.4974456848 27.0485393296 27.4507561077 27.5428736415 27.3081728524 26.9610045819 26.8067028903 26.8909696013 26.9688869399 26.7934252912 26.4046178315 26.0518885785 25.9327923338 26.012847565 26.1641754724 26.3332859284 26.527819285 26.7116413999 26.8045210423 26.7203214669 26.4474561711 26.0405984062 25.6764993889 25.5462057859 25.7147502463 26.0466958216 26.3696422777 26.633601651 26.9476495292 27.4182326337 27.9544900132 28.3598462543
26.0401054872 26.6114420969 27.2393131996 27.7036684313 27.7809672856 27.4326538536 26.9542594082 26.7084406254 26.7738249447 26.8718464305 26.7517810941 26.4451404889 26.1859869078 26.0986959643 26.1383011724 26.2091507004 26.293788571 26.4185749695 26.5379635291 26.554680171 26.430806086 26.1733676196 25.8499367077 25.5721494101 25.4792294932 25.6165465212 25.8874684263 26.1620656271 26.4476090945 26.879954453 27.4919699315 28.1106346323 28.4616085339
25.9336562313 26.3859506454 26.9934758718 27.5226555261 27.6639662336 27.3535548964 26.8686862168 26.5913312355 26.592282411 26.6521015906 26.5590678356 26.3676384565 26.2157079103 26.171114634 26.1895964835 26.225486204 26.3011031075 26.4353861474 26.5476489987 26.5270822579 26.3482182604 26.0944698769 25.8360557605 25.6361670403 25.5580395092 25.6354986352 25.8236860691 26.0567347093 26.3974068158 26.9519746369 27.6924754554 28.3327850116 28.5740438586
25.8178845237 26.1038896994 26.6650354897 27.2443626289 27.4970239875 27.302913155 26.9176825082 26.6630671296 26.6132432385 26.5943744518 26.509497784 26.3783091554 26.2862863015 26.2495912163 26.2468672112 26.2718204328 26.3706842264 26.5519432328 26.7148502561 26.7144978139 26.5379879826 26.2878321952 26.0638342142 25.8860957538 25.7891749579 25.8098430976 25.9358089638 26.1642010107 26.5386738787 27.1440053855 27.8930634168 28.4883386108 28.6078976287
25.8921092272 26.0715817522 26.5966063788 27.2044252398 27.5323412213 27.4572407744 27.1884806849 26.9954316594 26.9176355174 26.8595426789 26.7412825882 26.6030104141 26.4803367927 26.4007287611 26.3634570122 26.382750602 26.490541638 26.7007872886 26.9080784083 26.9759379048 26.8744413125 26.690304889 26.4914906199 26.3189406819 26.1952769126 26.1690569984 26.2690963547 26.479395478 26.8272603878 27.3536319303 27.9940775852 28.4780140669 28.521223683
26.2309750319 26.3694488789 26.8633911381 27.444432652 27.7855061191 27.7921091479 27.6308939907 27.4978588172 27.4307348747 27.3373574187 27.1765077805 26.9560339845 26.7419080143 26.5900182079 26.5301913229 26.5549206041 26.6643102434 26.8472178559 27.0483406994 27.1790772658 27.2003961815 27.1308187048 27.0113580437 26.8559864642 26.7199512912 26.6661669065 26.7215204156 26.8683176589 27.1065706193 27.4753255818 27.9460639429 28.3083941567 28.3205491337
26.7033807576 26.7992902031 27.2134739498 27.7115126686 28.0405833563 28.1293490412 28.0921927687 28.0388251184 27.9692195198 27.834029759 27.5899153766 27.268267547 26.9528548609 26.7501906902 26.7031285803 26.7734813355 26.8997528262 27.040568121 27.185558639 27.3200215193 27.4279059416 27.4816639795 27.4443558829 27.3291052552 27.190739922 27.1031746923 27.085439913 27.1189501256 27.2081938854 27.4227289105 27.7518472821 28.0345559371 28.0724724311
27.0581225568 27.0506791124 27.320111858 27.7113828871 28.0524857151 28.2801995823 28.4102258248 28.4525796717 28.3762425876 28.1582956647 27.8227124277 27.4233920249 27.0630056707 26.8523985554 26.8434379798 26.9859988021 27.1685015044 27.3119512967 27.3857907173 27.4531596929 27.5555053042 27.6514445487 27.6581955353 27.5534012072 27.4013700553 27.2735180996 27.1851128216 27.1018342946 27.0696898712 27.1792732791 27.4485136004 27.7276635772 27.8405046845
