travaux_groupes/kilucrue/mnt1.asc
NCOLS 101
NROWS 101
XLLCORNER 0
YLLCORNER 0
CELLSIZE 1
NODATA_VALUE NaN
[rows 46 to 68 of 101, columns 0 to 50 of 101]
22.8810766828 22.8085957346 22.6730760995 22.6477433135 22.7922805787 23.035133876 23.24771565 23.3569420444 23.3828628267 23.3758135954 23.3595111854 23.3040315288 23.1829536903 23.0364041517 22.9437678707 22.9352137856 22.9616259869 22.960838263 22.902319673 22.8248770248 22.7898544602 22.8580967639 23.0193905756 23.2025142072 23.3008117588 23.2675929273 23.1476885967 23.0338550376 22.9918245398 23.0348171991 23.1270505631 23.2264518507 23.3178536314 23.3790015613 23.3787965724 23.2903486035 23.1574630893 23.0376955458 22.9414154726 22.8128361146 22.5818646823 22.2039015376 21.7216020279 20 20 20 21.4369222373 21.902377977 22.3383574991 22.6610519498 22.8592192373
22.9137628049 22.8010055081 22.6205608012 22.5444340064 22.6508297959 22.8792226494 23.106363863 23.2600823364 23.3473956707 23.4075629733 23.4380626037 23.4052890725 23.2942613428 23.1463258837 23.032116724 22.9750730173 22.9356613338 22.8619013613 22.7674062053 22.7063691776 22.7345524463 22.8540904013 23.0307885404 23.1832446549 23.2434747355 23.1936008464 23.0836993403 22.9893455855 22.9640940947 23.004951406 23.0795509402 23.1647848421 23.2530558971 23.3412337576 23.3842739034 23.349111018 23.2490651288 23.1411818634 23.046329709 22.9198939084 22.6698552314 22.2548098408 21.7347909714 20 20 20 21.5315610653 21.9826656774 22.3624295221 22.6218657499 22.7811887417
23.1364336933 22.9037855376 22.6303524467 22.473928273 22.5088202611 22.686413594 22.8970341082 23.0714462367 23.211708236 23.3345933992 23.4235320371 23.4325997227 23.3534060061 23.22995348 23.1097625299 23.0044960486 22.8892635357 22.7602493638 22.6574932081 22.6398980521 22.7288846705 22.8989224503 23.0776543239 23.1960438954 23.2109797858 23.138077187 23.0343707276 22.9642348078 22.9558597045 22.9990718472 23.0650993444 23.1311224506 23.2106882503 23.3003433676 23.3705306225 23.3728614657 23.3021028391 23.1963735693 23.0977889766 22.9770830712 22.7503706836 22.3495130097 21.8214504693 20 20 20 21.6273070751 22.0584152152 22.3926513499 22.6051061763 22.7627602438
23.2723215417 23.0001863009 22.6715529781 22.4476828152 22.4155019884 22.531241028 22.7006421537 22.8593627377 23.0082242288 23.1620139963 23.2927163179 23.3564290909 23.34083503 23.2715413987 23.1670339534 23.0183173343 22.8329914332 22.6600491138 22.5663574914 22.5931558553 22.7287752102 22.9199994712 23.0951594014 23.1861655794 23.1711805231 23.0799422248 22.9816892113 22.9337394112 22.9506344821 23.0161071971 23.0977830845 23.1782557638 23.2461511112 23.3065771687 23.3376799997 23.3163611321 23.2362837726 23.1287867337 23.0302229224 22.9408021815 22.7798981184 22.445249481 21.9481449316 20 20 20 21.7004678188 22.1080224609 22.4045131587 22.6077475586 22.7880905691
23.2638422206 23.0559060838 22.7325499406 22.475575279 22.3882426673 22.4507087325 22.5682962182 22.6855600379 22.8053727961 22.9492591585 23.0964965238 23.2044608445 23.2607010383 23.2658863874 23.1962425426 23.0333073662 22.8111208602 22.6132979095 22.5236343264 22.5674966846 22.7075951175 22.8803191677 23.028305017 23.1024650394 23.0804439258 22.9947775121 22.9108423239 22.8832360598 22.9289095042 23.0270881678 23.1502502509 23.2579943632 23.3223392882 23.3247746898 23.2759209848 23.188050558 23.0829452585 22.9822560548 22.9128612714 22.8760569344 22.7935786201 22.5418727396 22.085875254 20 20 20 21.7414911916 22.1142560934 22.3878421448 22.5864688987 22.7923414938
23.3079619012 23.1381790287 22.8284045952 22.5517192045 22.419296203 22.4249900741 22.4954501113 22.5677111681 22.6495875686 22.7661941341 22.9100412248 23.0456331466 23.1544204045 23.2213905242 23.2028447357 23.0669554893 22.8548561581 22.6640461987 22.575450657 22.6005897326 22.6926030681 22.797280259 22.8846808003 22.934510658 22.9299665968 22.8837664156 22.8350990025 22.8281347797 22.8869387456 23.0083799644 23.1594452738 23.2916807953 23.3439331013 23.2978681386 23.1832431715 23.0568990554 22.954225098 22.8889812797 22.8729281358 22.8914361836 22.8641263853 22.6558283729 22.2206000907 20 20 20 21.7501137404 22.0932299625 22.3357054241 22.5179838355 22.7109172347
23.4626496411 23.2420693479 22.9468017595 22.6671429746 22.493579217 22.4454974015 22.4661308822 22.5046707059 22.5594640386 22.6587167095 22.8014116536 22.9493680556 23.078144246 23.1732516493 23.1954638171 23.1073141152 22.941767943 22.789447923 22.7158256539 22.7130268228 22.7298056743 22.7345157168 22.7312428686 22.7379099977 22.7596329454 22.7812044795 22.7972191144 22.8193847767 22.8748549881 22.9808651879 23.1225843484 23.2434601434 23.2794590806 23.208411406 23.0835350502 22.9794669438 22.927304228 22.925217622 22.9660183392 23.0259377111 23.0092431288 22.7894387845 22.3314422676 20 20 20 21.7355259692 22.0545102241 22.2722279395 22.409740713 22.5473835013
23.4615147758 23.285773971 23.0535948018 22.8111361523 22.6239703058 22.5247239652 22.4950859658 22.5022374985 22.5483898016 22.6567391325 22.8064735307 22.9545455411 23.0715152752 23.1565097105 23.1840287261 23.1277006651 23.0129811641 22.9124447015 22.8685413176 22.8589062654 22.8268942081 22.7497887368 22.6588584888 22.6139120961 22.6501564364 22.7473471582 22.8455294413 22.910638352 22.9530477962 23.0082229656 23.0886245092 23.1598319153 23.1676873012 23.0983943958 23.0081719745 22.9639069611 22.9826311881 23.0408871171 23.1273014604 23.2045108947 23.1722416484 22.9097787959 22.4017281771 20 20 20 21.7054913921 22.0222886554 22.223295781 22.3098419049 22.376134515
23.2783959895 23.2464309389 23.1397025241 22.9760712143 22.8014073824 22.6681960632 22.5966505233 22.5840455332 22.641892974 22.7717182232 22.9359161736 23.0657460379 23.1479666781 23.1883064115 23.1853995535 23.127585954 23.039967586 22.9721601373 22.9554030849 22.9588298633 22.929207127 22.8314710031 22.702813736 22.6298928557 22.6772763099 22.8261924314 22.992759668 23.0929504435 23.1131802958 23.0957210369 23.0861529719 23.0858317585 23.0635475864 23.0175108582 22.9826272747 22.9941040238 23.0476455596 23.129279516 23.2277689319 23.3079033711 23.2624552012 22.9649834931 22.4137263287 20 20 20 21.6818268088 22.0101284001 22.2083485942 22.265965581 22.2836397496
23.1525495019 23.2156985642 23.2127248184 23.1227645807 22.9716360035 22.8318032858 22.7569662249 22.7593672028 22.8435370379 23.0005555346 23.164051671 23.2679976177 23.2904588199 23.2674441015 23.2134247501 23.1328074285 23.0416936145 22.9772651822 22.9576572829 22.9702204832 22.9598237495 22.8952858098 22.8004514507 22.7561801178 22.8275833682 23.0005286328 23.1826571106 23.2821286397 23.2636498877 23.1698604297 23.074591446 23.0155010673 22.9883179207 22.9840137583 23.0072146034 23.0430026493 23.0762222589 23.1174517378 23.1919728066 23.2650206981 23.2156001997 22.9128794217 22.3566365068 20 20 20 21.6633663128 22.0048426924 22.2180303064 22.2833726688 22.3054188572
23.1907291843 23.2381572915 23.2634383734 23.1934704492 23.0588100069 22.947398696 22.9173135519 22.9741623743 23.1051675849 23.2809824262 23.4360744482 23.4941166409 23.4539578981 23.3607930433 23.2590002103 23.1540773343 23.0497999224 22.9644338842 22.920872637 22.9072876985 22.8990897498 22.8749300673 22.8605885338 22.8972945061 23.0111993298 23.1769229649 23.3249558443 23.3800305978 23.3144237113 23.1660582217 23.017604841 22.9377242554 22.9344492966 22.9853491423 23.0501402795 23.0813740089 23.0589205459 23.0297234111 23.0499034992 23.0953577683 23.0434786798 22.7602551259 22.24060191 20 20 20 21.6325932585 21.9850579223 22.2255208237 22.3416305763 22.4128835995
23.2630244236 23.2825108399 23.2567950416 23.1642916262 23.0400504287 22.9687938918 23.0012655909 23.1261386881 23.3111609507 23.5098007108 23.6444758046 23.6568668354 23.5570989816 23.4167842073 23.2882309166 23.1774425531 23.0708753782 22.9744892524 22.8997160561 22.8475013833 22.8116373131 22.8142433001 22.8736446064 22.9914170399 23.1367170812 23.2688782776 23.3525498088 23.3562588843 23.2621524295 23.101143618 22.9532715159 22.8869350523 22.916519292 23.000379916 23.0760786919 23.085727768 23.0201218003 22.9349746658 22.8943017176 22.8916196735 22.8227638019 22.5668186628 22.1091855856 20 20 20 21.6075188098 21.9648284838 22.2432800478 22.4229708503 22.5569550465
23.3327751016 23.2719982025 23.1932447539 23.0760077267 22.9614370575 22.9143171835 22.9714470116 23.1303193602 23.3557983602 23.5764434196 23.7037292837 23.6836908763 23.5506937012 23.3932710467 23.2712442228 23.1845034737 23.1093650289 23.0314066048 22.9508446073 22.8722654893 22.8180984083 22.8241239338 22.9101919927 23.0449637947 23.1695328938 23.2486725204 23.2790924999 23.2570576566 23.1735378368 23.0504829599 22.9499379817 22.9238692526 22.9659770394 23.0303873509 23.0702325453 23.0506049071 22.9716404869 22.8717561639 22.7956077018 22.7399770401 22.6452026294 22.4122022288 22.0056569827 20 20 20 21.6332100174 22.0054873562 22.3145150299 22.5359409288 22.710472158
23.2799723722 23.212920091 23.1134695238 23.000701572 22.8966971883 22.8371043583 22.8605405953 22.9923251786 23.2167401182 23.4569972854 23.5955504067 23.5769918769 23.4467778416 23.3010872301 23.2114522445 23.1808892889 23.1675494625 23.138827961 23.084159728 23.0184465369 22.9723930942 22.9701477166 23.0172040668 23.080158548 23.1244902588 23.1446152251 23.153069214 23.1461772874 23.1121954221 23.0632477394 23.0384799209 23.0580199406 23.0860845257 23.0825245099 23.0388450597 22.9738102821 22.9005302912 22.8279310582 22.7554164121 22.6805004772 22.5653899185 22.3370631032 21.958278413 20 20 20 21.7350251085 22.1375849774 22.4653908412 22.6972069404 22.8603311556
23.1747971511 23.1304161294 23.0586828608 22.9775909949 22.879553835 22.7808635091 22.7344357932 22.7979930013 22.9878354395 23.2221206222 23.3825879282 23.3961107218 23.2996487294 23.1954310211 23.1591382966 23.1914687568 23.2425433747 23.2608689726 23.2442174118 23.2235211871 23.2142100197 23.2052674023 23.1689176991 23.10776339 23.0397499926 23.0003645039 23.0091312025 23.0515639875 23.0952864265 23.1355111283 23.1862133409 23.2337844116 23.2333881131 23.1453234307 22.9992648221 22.869472312 22.8010738758 22.7731988244 22.7471403492 22.69085571 22.5738021721 22.3331817913 21.9481744673 20 20 20 21.8625544402 22.3102632809 22.6597123684 22.8742128583 23.0032836116
23.0607066573 23.0353607269 23.0228238219 22.9808193099 22.8856549201 22.7514960109 22.6463295653 22.6533994549 22.7876761954 22.9891698401 23.1483088973 23.2019296207 23.1684319093 23.1327477561 23.1630714587 23.2478855435 23.3180661383 23.3404694898 23.3445486877 23.3754246703 23.426284589 23.421328625 23.3174315394 23.1402821003 22.9719854311 22.8774369275 22.890149585 22.9875276685 23.1176947056 23.2367640005 23.3318543508 23.3857675745 23.3546095536 23.2076745442 22.9846363774 22.7891783633 22.7009664047 22.7083574071 22.7336268017 22.7153793859 22.6023968501 22.341572312 21.9303392101 20 20 20 21.9185769788 22.4152472177 22.7861066817 22.999990863 23.1059175307
22.899914222 22.9540615458 22.976351939 22.9531828678 22.8654968093 22.7350997267 22.629172363 22.6099642501 22.6905844315 22.8241623558 22.9526368345 23.033934803 23.0772099513 23.1330614805 23.232463512 23.3321019353 23.3691604497 23.3430932938 23.3365202646 23.4160647299 23.5268120357 23.5526119909 23.4262685777 23.2025197497 22.9819024558 22.8553150338 22.8588424024 22.9874194705 23.1751630355 23.3429928534 23.4457995253 23.4808351537 23.432591906 23.273594005 23.0248465928 22.7845311099 22.6567268215 22.6531932924 22.699301169 22.6999393108 22.5849197814 22.3009646244 21.8672696734 20 20 20 21.8436077928 22.3606546062 22.7641547669 23.004586365 23.1420544769
22.8948395498 22.936316206 22.9255084574 22.8791780074 22.8074163975 22.7324706726 22.6808653454 22.6664802334 22.6884504291 22.7412491146 22.8192568936 22.9138980725 23.0293199052 23.1735457953 23.3184748873 23.3980988012 23.3646355806 23.2738953381 23.2531862589 23.3638603566 23.5258949058 23.5877993756 23.4904180644 23.2896022415 23.0895475175 22.9561716014 22.9407078254 23.0561381167 23.2575539897 23.4378845005 23.528284482 23.5353716519 23.4771313296 23.3372766208 23.1089474398 22.8592521456 22.6875159998 22.6376614831 22.6552409899 22.6443877204 22.5147901229 22.2149395808 21.7769030283 20 20 20 21.6736565494 22.1815247298 22.6133145573 22.908870488 23.1038281577
23.0862638839 23.015966779 22.9212486747 22.8233853452 22.7631035738 22.7549582749 22.771967682 22.7714268932 22.7436412304 22.7267217664 22.7607133525 22.8632904503 23.0255728535 23.2206672667 23.3810222257 23.4164416149 23.314243191 23.1793171681 23.1544048864 23.2857656178 23.4673251021 23.5551172561 23.4996199164 23.3658097756 23.2211601097 23.1088213756 23.0666604826 23.1469331015 23.3241702522 23.4936321827 23.5716397638 23.5609554787 23.4989046161 23.3802435735 23.1928434728 22.9639975746 22.7708197612 22.6661624465 22.6331387644 22.5893691621 22.4442828889 22.1436786436 21.7186882259 20 20 20 21.5347684544 22.0210783414 22.4709602225 22.8090246146 23.0416884978
23.2670768395 23.1593983785 23.0077439868 22.8696770696 22.7967243759 22.8073112561 22.8528745086 22.861386921 22.8147934653 22.7645906931 22.7795059925 22.8834111841 23.0624809732 23.2709795261 23.4183764185 23.4151404803 23.2700975223 23.115777941 23.093800304 23.2214237666 23.3900695542 23.4724987946 23.4465032398 23.3651151283 23.2769880438 23.1896000603 23.1444167297 23.1959333006 23.3370289423 23.4795497098 23.5453913457 23.5352590728 23.4819944238 23.3934252104 23.2505443287 23.0592902917 22.8632962845 22.7226729078 22.6435786846 22.5701458672 22.4168845673 22.1299653405 21.7215624545 20 20 20 21.5315040159 22.0165877646 22.4705281068 22.8083003828 23.0330695902
23.3885969641 23.3070771355 23.1740472798 23.0207568595 22.9071631059 22.8672801995 22.8821013801 22.8921511178 22.8626956148 22.8255899918 22.8398539728 22.9394206409 23.1165014577 23.3181551044 23.4493447704 23.4254246705 23.2694036245 23.1143406987 23.0832698267 23.1806230253 23.3014243576 23.3550098112 23.3255939418 23.2642287731 23.2008999298 23.1492810662 23.1324059423 23.1862867866 23.2976797199 23.4009621121 23.4437037206 23.4327685041 23.4036902761 23.3683901382 23.2894576034 23.1361246959 22.9449490533 22.7804724801 22.6726241797 22.5816277452 22.4354851712 22.1640800543 21.767143045 20 20 20 21.6633062646 22.1689276343 22.6177752285 22.9243170893 23.098958239
23.4740500752 23.436239249 23.3337303083 23.1807076669 23.0084016867 22.8845241843 22.840828704 22.8486882387 22.8581735538 22.8583909006 22.8843482364 22.9770310027 23.1427197236 23.3354396659 23.4592407246 23.4388394991 23.2969420229 23.1517007787 23.1034929917 23.1465301794 23.2073239814 23.2164987448 23.1699510251 23.1010799009 23.0529090901 23.0394446141 23.0698474577 23.1438431081 23.2388248486 23.3028545644 23.3045728859 23.2687876798 23.2618899313 23.2954378573 23.3006964194 23.2039468899 23.019942751 22.8345538652 22.7060616918 22.6172786628 22.4877727488 22.2299737433 21.8343250224 20 20 20 21.8312937384 22.36090203 22.791750905 23.0570514367 23.1868020548
23.5375064006 23.4809246011 23.3983683686 23.2275197103 23.0019895801 22.8113513985 22.7292695443 22.7444211392 22.796404495 22.8359699895 22.8744280739 22.9570652457 23.1072456486 23.2876207236 23.4148667973 23.4187335125 23.314865681 23.191095309 23.1229225938 23.1150963615 23.1195187974 23.0970327055 23.0393558457 22.9777773328 22.9495413581 22.9692215891 23.0239832766 23.1040380467 23.182278799 23.2124951679 23.1626107933 23.0847158806 23.0775008882 23.1727359351 23.2733876064 23.25602937 23.1021494461 22.9089525656 22.7717500291 22.6949790557 22.584548431 22.3312307041 21.9233650852 20 20 20 21.9439102441 22.4662728154 22.8686149073 23.0962975065 23.1941966717
