travaux_groupes/kilucrue/mnt1.asc
NCOLS 101
NROWS 101
XLLCORNER 0
YLLCORNER 0
CELLSIZE 1
NODATA_VALUE NaN
[rows 69 to 91 of 101, columns 0 to 50 of 101]
23.4726855028 23.450458806 23.3374191719 23.1294507517 22.8682994287 22.6562145524 22.5766160013 22.6245039352 22.7150524937 22.7805785268 22.8158609059 22.8734735011 22.9969300971 23.1636204841 23.3021768227 23.3490713772 23.3028650137 23.2152898203 23.1389171134 23.0932979521 23.0674356316 23.0389882021 23.0023021288 22.9771431336 22.9800081789 23.0056972573 23.0393057344 23.0782304357 23.1168958654 23.1069905485 23.0167942515 22.9034007945 22.8891514982 23.0264781513 23.2131673143 23.2871467686 23.196670503 23.02864537 22.9047570048 22.8379305553 22.7280198298 22.4568313942 22.0186009174 20 20 20 21.970903872 22.460202598 22.8145073704 22.998785687 23.0677445874
23.4645194322 23.4069501664 23.2330540211 22.9730836171 22.6950674895 22.5012104511 22.4620893058 22.5526194441 22.6760880522 22.7416382828 22.7418403481 22.7482721466 22.8302148156 22.9879279679 23.1484571326 23.2469926528 23.2641773948 23.224298854 23.1608324126 23.0990853428 23.0597434415 23.0492082213 23.0679546719 23.1046589853 23.1395646865 23.1417539443 23.1065299964 23.062540653 23.0262521336 22.9699705259 22.8613421425 22.744479098 22.7370082386 22.8993701086 23.1423798891 23.3013609511 23.2943773509 23.1887533064 23.0883840348 23.0141850448 22.8711921145 22.5574652825 22.0829723728 20 20 20 21.9613086695 22.3977710133 22.6870758062 22.8094625494 22.838181444
23.5732436605 23.4386527582 23.1945514276 22.8876730939 22.6125273204 22.4559806355 22.4636086637 22.5908614411 22.7199347805 22.7516813511 22.6881425361 22.6214189441 22.6591253119 22.8125141479 23.0027889916 23.1411465891 23.2102217108 23.2257040019 23.1952056841 23.1347964354 23.0808810259 23.0875174926 23.1672003209 23.2797201475 23.3487030934 23.3194723621 23.2012306217 23.0572859282 22.9389171668 22.8426580076 22.737057123 22.6440566819 22.6504463781 22.8162820182 23.0817254389 23.3033955632 23.3853751498 23.3470096464 23.2615395037 23.1461849002 22.9437396185 22.5804726867 22.0838275222 20 20 20 21.9741210743 22.3590326838 22.5775267591 22.629308116 22.602530567
23.7054514687 23.5319375773 23.2405974857 22.9286836698 22.6787041304 22.5656704226 22.6082212988 22.745667218 22.8486932384 22.8203556445 22.676242697 22.5413193982 22.5353571841 22.6822387298 22.8869506236 23.0519481296 23.1556912369 23.2203649014 23.2384050467 23.1871358853 23.1151718135 23.1130781537 23.2317168408 23.4074197865 23.5174495487 23.479350959 23.30742103 23.0895892003 22.9117319696 22.7921178012 22.6996957969 22.6283989941 22.6364539794 22.7846112148 23.0458320273 23.3050162282 23.4548614474 23.4638593917 23.3655772194 23.1884937623 22.9126098581 22.5078950743 22.0113040762 20 20 20 22.0141979337 22.3800478455 22.5489138797 22.5386460609 22.4666708538
23.7493979601 23.5288881608 23.2693542248 23.0126859501 22.8298729547 22.7695889163 22.8405052598 22.9690430536 23.0321656959 22.9400315594 22.727938605 22.5320012474 22.4829800707 22.5978674067 22.7928862038 22.9677078992 23.0965409969 23.2013555041 23.2601211709 23.2322968808 23.1500530852 23.1344748441 23.257153526 23.4605153394 23.6029636545 23.5847930229 23.4130894814 23.1791175891 22.9783060036 22.8452264868 22.7548610844 22.6864440223 22.6850139833 22.8097253032 23.0530467401 23.3231941812 23.5011502353 23.5229664042 23.3945499778 23.1494074999 22.805626931 22.3688610383 21.8850616361 20 20 20 22.0378482149 22.4181231771 22.5828369724 22.5534764211 22.4725389583
23.4330833493 23.2826262001 23.1364382661 23.0030144985 22.9273422531 22.9488104965 23.0552592063 23.182518127 23.2204504083 23.0954754879 22.8447988112 22.5994995243 22.4863928052 22.5395344452 22.6913352231 22.8594720091 23.0107337628 23.1414836463 23.2269479941 23.2263691954 23.1687476329 23.1595248429 23.274289387 23.4649262482 23.6101231851 23.618984397 23.4938123834 23.3016496731 23.1172831191 22.9766752527 22.8678820138 22.7916729532 22.7813037671 22.8916812042 23.1178027706 23.3736964494 23.542450517 23.5477336897 23.3785148176 23.0756539271 22.6810745515 22.223463737 21.7595902495 20 20 20 22.0031789067 22.4131444528 22.6165936304 22.6287026607 22.5917616846
22.7937106327 22.8216295864 22.8198323716 22.833314364 22.892593604 23.0081797044 23.1664468796 23.3105491249 23.3593776043 23.2509866263 22.9998645657 22.7162861981 22.5262909947 22.483901936 22.5659204379 22.7162874896 22.8872757671 23.0372587442 23.1288779314 23.1476299679 23.1295675566 23.152870087 23.2645938911 23.4252997456 23.5440823407 23.5679389114 23.5067500032 23.396223751 23.2675644538 23.1345952788 23.0131988232 22.9232049481 22.9123143961 23.0156849133 23.2270419049 23.4594460814 23.5993305946 23.5655931209 23.3563912634 23.0155216614 22.5977190979 22.1411157319 21.6900425062 20 20 20 21.9298690062 22.365032135 22.6271453603 22.719393675 22.7685196132
22.2626655751 22.3618134429 22.460723565 22.5879969758 22.7561321534 22.9544891219 23.1555712075 23.3264400385 23.4133371739 23.3521340645 23.133879467 22.8356141763 22.5724986381 22.4310671215 22.4382057503 22.5740387165 22.7690159963 22.9345168351 23.014271856 23.0223705069 23.0171334131 23.0591569533 23.169622509 23.2996965372 23.3853905862 23.414277907 23.4125359866 23.3982682071 23.356345173 23.2731365354 23.1619667812 23.0711148324 23.0530431252 23.1469888385 23.33771643 23.5479326356 23.6534759863 23.5841880468 23.3484907147 23.0059518767 22.599985803 22.1530199401 21.7014885059 20 20 20 21.8752762903 22.3297494337 22.6446482295 22.8294025467 22.9924780807
22.035172006 22.1280254341 22.2394510962 22.4053983391 22.6257217421 22.864163071 23.086807594 23.2735687115 23.38812689 23.37269706 23.1979740445 22.9069237849 22.6055531851 22.4027693523 22.3730180819 22.5138634405 22.7344513166 22.9048377803 22.9584020545 22.9200579092 22.8716604375 22.8848295534 22.9671739891 23.0667375095 23.1295826523 23.1626786887 23.208949881 23.2799849235 23.3396978215 23.3435398606 23.2868637289 23.2122051695 23.1774925472 23.2365130645 23.3952761754 23.5754068709 23.6652755182 23.5897065114 23.3702783175 23.0608229006 22.6852413502 22.239308656 21.7559498569 20 20 20 21.8644291584 22.3369081204 22.7128840066 23.0118852652 23.3372006516
22.1084658288 22.1501982307 22.2136302844 22.3560895885 22.5751084971 22.8203148263 23.046230506 23.2287624906 23.3438317996 23.3449623447 23.1971100731 22.9280536088 22.6338341366 22.4394462296 22.4315994476 22.5994746216 22.8291382332 22.9847898417 22.9952537245 22.8919937774 22.7625770038 22.6970621801 22.7208360467 22.7831508376 22.8350658556 22.8771439567 22.9506567704 23.0746059368 23.2202054923 23.3308992748 23.3666692163 23.3246059043 23.2655365193 23.2649664897 23.361672202 23.5142239495 23.6124896615 23.5795388395 23.4147683149 23.1546187722 22.7998732457 22.3340721559 21.80365771 20 20 20 21.8647948249 22.382094462 22.8592481207 23.3382636233 23.8965449604
22.3462155701 22.3025915979 22.3129480261 22.4154219313 22.6125477046 22.8558260849 23.0765568867 23.2429809292 23.3341613073 23.3219505474 23.1808112952 22.9396321687 22.6899741887 22.5567941019 22.6081653059 22.8024388533 23.0173300188 23.1320190872 23.0952846241 22.9282592265 22.7171251803 22.5647886242 22.5241173388 22.5638840534 22.6171068862 22.6642860039 22.7322394627 22.8614938276 23.05743863 23.2683613504 23.4009349616 23.4076816908 23.3243560198 23.2529888366 23.2776625032 23.3940690552 23.5162996363 23.5463319143 23.4477587488 23.2243953337 22.8739439099 22.385417446 21.825069147 20 20 20 21.8697469287 22.4728524066 23.1249880551 23.8551964169 24.6908106772
22.5119973848 22.4662208574 22.4570002634 22.540914003 22.7282108113 22.9585367741 23.1633715606 23.295200768 23.3501414325 23.3118609217 23.1750610304 22.9659316038 22.7766232963 22.7108393622 22.8113405241 23.011025176 23.1932644463 23.2659378752 23.1898352576 22.9807882422 22.7144042077 22.5097991389 22.4446629855 22.4951369797 22.57114604 22.6091160909 22.6358956892 22.7276308041 22.9336632169 23.2044660335 23.4169290856 23.4725390435 23.3855199011 23.2632379734 23.2191163534 23.2902342375 23.4101664876 23.4775880967 23.4219624688 23.2239391214 22.8765998187 22.3921508197 21.837912595 20 20 20 21.9501602981 22.6979055633 23.5779077748 24.5739776564 25.6289820178
22.5997906346 22.5980975778 22.6278827929 22.731940549 22.9116764393 23.1120585562 23.2574654655 23.3316280537 23.3353294862 23.2783039059 23.1502785705 22.9823122229 22.845685978 22.8269056653 22.9394050614 23.1179161171 23.2669429948 23.316681916 23.2305064449 23.0134388292 22.7431401983 22.540993822 22.4984882683 22.5912954755 22.6953183732 22.7157182441 22.6805982861 22.7126634173 22.8915642356 23.1763402094 23.4326371362 23.5360180696 23.4676223037 23.3248361997 23.2335551851 23.2440804224 23.3210071595 23.374251893 23.3321911795 23.1575561447 22.8409221544 22.39032411 21.8749343958 20 20 20 22.238237657 23.1855824083 24.2955558726 25.465230052 26.5834507149
22.6780784841 22.7404731717 22.8375519711 22.9801906366 23.1517398327 23.2835020685 23.3349301603 23.3160939929 23.2670458677 23.1869599681 23.0728961847 22.9393677688 22.8522281214 22.8605876612 22.9646958284 23.1095372964 23.2275627418 23.2712551442 23.2051076345 23.0348211935 22.8189513441 22.669945519 22.6697577983 22.7920352045 22.9083095976 22.9041904131 22.8162446745 22.7868247967 22.9182861153 23.1836915905 23.4511097583 23.5814085061 23.5361421796 23.394954842 23.2714373891 23.2294328265 23.2455270283 23.2636595432 23.2220172959 23.0812490005 22.8147299621 22.4178238793 21.943107243 20 20 20 22.8231786071 24.0020285464 25.2724549369 26.4635366751 27.4548034449
22.8306950379 22.9298344535 23.0720217022 23.2450397649 23.390837555 23.4397102836 23.3775451995 23.2678229065 23.1608402512 23.0574470833 22.9371746116 22.8299439555 22.7838629926 22.8265028003 22.930538651 23.047134452 23.1387623983 23.1707137949 23.139430244 23.0497888076 22.9375500057 22.8631035266 22.8892445641 23.0050725318 23.0989291968 23.0773545187 22.9642577497 22.893728258 22.9793259642 23.2052920236 23.4454585453 23.565685428 23.5217515398 23.3802536385 23.2445678333 23.1706686113 23.1591056822 23.1638387196 23.1365153174 23.0318388026 22.8128417283 22.4526408651 22.0168582355 20 20 20 23.6572007904 25.0483777819 26.3782351124 27.4479662978 28.204457132
23.071323858 23.1431967839 23.2874241121 23.4523982305 23.5559284409 23.5259128381 23.3777976644 23.2007951882 23.0555658254 22.9248423775 22.792541341 22.6932505975 22.6836563658 22.763850743 22.8849946203 22.9963560906 23.0575825924 23.0699829276 23.0537523353 23.039140651 23.0242560136 23.0162942997 23.0486166018 23.1230029984 23.1871321926 23.1648109611 23.0688552428 22.9990620962 23.0493863585 23.2147941512 23.3879668043 23.4573342946 23.3936971289 23.2497840585 23.1113226801 23.0387733058 23.0371707609 23.0693740823 23.0686519137 22.9894930863 22.7867207492 22.4429063961 22.0440800897 20 20 20 24.5467732337 26.0961473435 27.3914250645 28.2783014843 28.7936285921
23.2650041968 23.2984224738 23.4042700811 23.528706031 23.585167624 23.5088875069 23.3248796188 23.1255903204 22.9694222205 22.8364657709 22.7014395683 22.6100277523 22.6171119359 22.7194282993 22.8573527896 22.9626799165 23.0015441516 22.9784602402 22.9507746939 22.9600550733 22.9982533067 23.0342687237 23.0611936579 23.103224651 23.1433613605 23.1522783874 23.1150693392 23.0803518989 23.1084762551 23.1958543374 23.2772497514 23.285631149 23.2043031386 23.0701554992 22.9405166572 22.8776585033 22.9063731332 22.9705015907 22.9925352527 22.9101954317 22.6995561919 22.3641549264 22.0153970218 20 20 20 25.2897070689 26.9127564838 28.1266679726 28.8352834872 29.1691446757
23.2971854528 23.2894227124 23.3404152286 23.4206161308 23.4593339974 23.3918157627 23.2301863865 23.0561962768 22.9264074605 22.8189572418 22.7070960253 22.6290352468 22.6391580432 22.7298615446 22.8491734378 22.9345047443 22.9451485382 22.8895679445 22.822092439 22.8076639544 22.8564519499 22.9171617699 22.9604439657 22.9920926623 23.0396570893 23.088844109 23.1204605514 23.1287864352 23.1359799078 23.1517930183 23.1518612844 23.1158604073 23.0429549224 22.9385558319 22.8330318403 22.7865330831 22.8256725887 22.8996075254 22.9101671287 22.8076644958 22.5822391723 22.2630599363 21.9713879286 20 20 20 25.7766874057 27.4075491659 28.5195445439 29.0843342991 29.3120398821
23.1333590558 23.0845081885 23.0840599767 23.1402150773 23.204342973 23.2021649886 23.1164044465 23.0085441963 22.9282057929 22.8605473236 22.7870307771 22.7327870634 22.7368182662 22.7938505408 22.8580454808 22.8968191819 22.8814748168 22.8019300037 22.6966433334 22.6440409983 22.679663718 22.7685479608 22.8513469107 22.9227493676 22.9983348247 23.0798511664 23.137138559 23.1559022932 23.1394269357 23.0995446827 23.0476172076 22.9942316055 22.9467911404 22.8953887974 22.8419757103 22.8201124784 22.8549659126 22.8988554309 22.8756643357 22.7446885841 22.5136102533 22.2108725408 21.954972246 20 20 20 26.021930702 27.6192839029 28.6318984731 29.0972816148 29.2750769922
22.8330187382 22.7896627093 22.7510236605 22.7862278931 22.8865574923 22.973318106 22.9934294499 22.9668623853 22.9351254534 22.903311794 22.8652919241 22.8424413824 22.8485874113 22.8645398692 22.8671129675 22.8522624268 22.8182263708 22.73941318 22.6278288572 22.5531946724 22.5759664631 22.6869772213 22.8367068781 22.9841649402 23.1085644213 23.1879406533 23.2134811959 23.1881242773 23.1256741472 23.0405112707 22.9544118169 22.8990280643 22.8886526227 22.9103615835 22.9340356044 22.9563062664 22.9833873546 22.989969636 22.9281208234 22.7792257492 22.5443070129 22.2428655975 21.9891024391 20 20 20 26.085463556 27.6353372825 28.5805791667 28.9895176679 29.1639869472
22.64412243 22.6140445761 22.515504351 22.4993719904 22.6002294538 22.7476760896 22.8585711481 22.9032351009 22.9003064203 22.8816887007 22.8705076725 22.8824183278 22.9035199812 22.8954112019 22.8511401235 22.8044212604 22.7713356586 22.7240071807 22.6464038223 22.5767584013 22.5873966042 22.7106230891 22.9214282415 23.1491066422 23.3132280644 23.3697693122 23.3238226934 23.2109130002 23.0713050441 22.931986087 22.8202126134 22.7727263776 22.8161006409 22.9205646612 23.0295281311 23.1053873443 23.1405916116 23.1284385405 23.0525590937 22.9006038384 22.6657334724 22.3532259796 22.0787949463 20 20 20 26.0291077877 27.5378497069 28.4533164447 28.8632041817 29.0606319645
22.8001355947 22.6808616178 22.4929550899 22.384197751 22.4266141789 22.5781176115 22.7345902908 22.8193709341 22.8216706974 22.7882280376 22.7856387278 22.8287244415 22.8743640634 22.8677169722 22.8081229412 22.7564583757 22.7464384351 22.7539010725 22.7308778076 22.684658618 22.6789253959 22.7892485896 23.0194282059 23.2834750602 23.4648785177 23.4961978802 23.3799472992 23.1717707057 22.9366763709 22.7364724246 22.6142698618 22.5996339962 22.7004023495 22.8797589498 23.0586770374 23.1835834014 23.2452560274 23.2450807481 23.1784360868 23.0399069764 22.8136164702 22.499185462 22.1966677947 20 20 20 25.907156465 27.3873212091 28.314548125 28.7632260945 28.995478538
23.1335631615 22.9234509926 22.653753294 22.4484765133 22.3996818274 22.5012762759 22.6605531339 22.759331498 22.7497775499 22.6900233899 22.6679234527 22.7209496244 22.7943726092 22.8108795723 22.7657255002 22.7228841881 22.741144602 22.7966832218 22.8280091085 22.8046343875 22.7760179874 22.8390053318 23.0311453785 23.2761321644 23.4531442474 23.4757857987 23.3276980931 23.0503020281 22.7402561039 22.5021447923 22.3978359753 22.4333978484 22.5840172227 22.800069817 23.0131524804 23.1764362771 23.2775190015 23.304829802 23.2506428476 23.1193057295 22.906614475 22.5976493501 22.2836706726 20 20 20 25.7679521654 27.2396582062 28.2070405726 28.7070070176 28.954908286
