travaux_groupes/kilucrue/mnt1.asc
NCOLS 101
NROWS 101
XLLCORNER 0
YLLCORNER 0
CELLSIZE 1
NODATA_VALUE NaN
[rows 23 to 45 of 101, columns 0 to 50 of 101]
30.028770011 30.0389080757 29.992580122 29.8474274526 29.6220632271 29.4049312762 29.2908144314 29.3163228861 29.4478370109 29.6148266207 29.7666594592 29.8553047126 29.8501937462 29.7462019398 29.5705016816 29.3699681804 29.2042228494 29.1292608273 29.1634508462 29.2745487139 29.3880321035 29.4379955619 29.3621827579 29.1027612252 28.5994534558 27.8109090442 26.7619108313 25.6089891329 24.5776562208 23.8504228656 23.4709461229 23.3693415824 23.4073111453 23.4599898042 23.4800160655 23.4787706431 23.4549180272 23.36241685 23.1777278595 22.9392447687 22.6843299414 22.376904003 21.9818994555 20 20 20 21.8439220095 22.2007280429 22.4558654257 22.6124943162 22.7210159215
29.9764356872 29.9931993263 29.9313811453 29.7632926157 29.5337161837 29.3367520157 29.2507668632 29.2876883384 29.3999246631 29.5400341851 29.6682132798 29.7557760347 29.7697625891 29.7004061415 29.56832723 29.4110101196 29.2787894219 29.2186136996 29.2403999144 29.2969737479 29.3332635494 29.2933132917 29.1191226391 28.7339671847 28.072872989 27.1267493668 25.9986941335 24.8948088575 24.0362143282 23.5173445271 23.310034276 23.3060191512 23.3831437605 23.4366077985 23.4344085352 23.4089037184 23.3774217638 23.31691429 23.1890399858 22.9914549131 22.728618839 22.3760233017 21.9299168284 20 20 20 21.7339369299 22.0985766214 22.3625881366 22.5115421317 22.5891721345
29.9127575573 29.8324881306 29.7215593681 29.5509463927 29.3690697042 29.2533676721 29.2401188993 29.3064073657 29.410657339 29.5139145289 29.5973447852 29.6462318777 29.6466696352 29.597304112 29.5117919974 29.4134988508 29.3270362925 29.2708984229 29.2360994597 29.1966079187 29.1119018922 28.9517688935 28.6593570389 28.1502330717 27.3638567175 26.3426504351 25.2476388381 24.3044695806 23.6647386401 23.3530975834 23.2778361325 23.3301906123 23.4060603368 23.4397017203 23.4138397725 23.352988231 23.2941642555 23.2352916362 23.1482252605 22.9898350029 22.7251703523 22.3288471422 21.8376256822 20 20 20 21.6303362215 22.0371149335 22.3637649234 22.5568831925 22.6298118335
29.6208104722 29.5105911991 29.4008821258 29.2789111614 29.1897607917 29.1851537955 29.2609790403 29.374238051 29.4762640773 29.5409547886 29.5648959798 29.5488677591 29.5072894127 29.4619565201 29.4273756731 29.3981633459 29.3569485478 29.2782362083 29.1503269721 28.9639677209 28.7189218129 28.3999369907 27.9678921416 27.3512469993 26.5189856304 25.5450280219 24.6074038977 23.8795051366 23.4560479877 23.2984290349 23.3086370414 23.3812119385 23.4522050666 23.4796076854 23.4386094634 23.339084603 23.2254620988 23.138722839 23.0628205549 22.9358072992 22.6738424364 22.2502135831 21.7316844618 20 20 20 21.5585510133 22.0267732879 22.435466702 22.6938509283 22.7851821673
28.9953813405 28.965765402 28.9590946568 28.96117116 28.9964098179 29.0967907968 29.2522268222 29.4034855831 29.5002844734 29.530520478 29.4990952824 29.4305431327 29.3622281949 29.3350312085 29.3535890497 29.3767694081 29.3397571889 29.1974984199 28.9328466197 28.5726086284 28.1458989033 27.6602361946 27.090320869 26.410853071 25.6267028688 24.8186279067 24.105138014 23.5984608278 23.3306660115 23.2634001596 23.3046313364 23.3865609321 23.4728710033 23.5230856069 23.4835493506 23.3435192362 23.1641919281 23.0291243045 22.957343505 22.8606811999 22.626690562 22.2035372475 21.6702298914 20 20 20 21.5441603817 22.0647622031 22.5398153263 22.8486156614 22.9519732809
28.1067942292 28.1894537598 28.355186379 28.5338448991 28.7061682089 28.8956847057 29.0949902052 29.2599805445 29.350021248 29.3555409429 29.3009088202 29.2259910004 29.1789032035 29.1898690253 29.2421608697 29.2580780339 29.1523836971 28.8736772219 28.4434139533 27.9193569432 27.3539243542 26.7576307552 26.124562872 25.4632945903 24.8112335317 24.2163542624 23.735715251 23.4011657954 23.2233594941 23.1715817842 23.2065281999 23.3001281703 23.4240944403 23.5148248235 23.4865124014 23.3089396405 23.0673441199 22.8937996538 22.8340785503 22.7985426933 22.6256996056 22.2348851802 21.7012879127 20 20 20 21.5845550496 22.1330748936 22.6251563148 22.935508346 23.0274910698
27.0197073389 27.2174200488 27.5552295217 27.8981953514 28.1949850374 28.4455528588 28.6585597471 28.8148622596 28.8935234651 28.898373741 28.8615993101 28.8292783285 28.8396639804 28.8939736089 28.935274974 28.8707530754 28.6105007851 28.1463074187 27.5509790616 26.9310938246 26.335015012 25.7576996826 25.1911191005 24.6470280482 24.1622900058 23.7713999938 23.4776663684 23.2662447099 23.1178274701 23.0365958507 23.0439792972 23.1456175295 23.3048580921 23.4270966347 23.4012012517 23.1982793003 22.9208673401 22.7326752138 22.7101528703 22.7522708075 22.6700164974 22.3421981795 21.8263413815 20 20 20 21.651517789 22.1875136533 22.6423727004 22.9017427243 22.9570173885
25.8554159233 26.1765517046 26.5978245703 27.0239916601 27.3843073571 27.6608051764 27.8542767421 27.9786289603 28.0413047995 28.0584692934 28.0621966833 28.0937936963 28.1723012244 28.2611653352 28.2660260336 28.07686035 27.644096571 27.0144965187 26.3310348921 25.7211749039 25.2267261819 24.8100409817 24.4196393296 24.049702375 23.7286492713 23.4892061138 23.3256210502 23.191228078 23.0526433112 22.937440328 22.910136788 23.0042086372 23.1651041392 23.2786329956 23.2380701448 23.0252381813 22.7536597864 22.5920247169 22.6128784084 22.7247211691 22.7314884933 22.4837066145 22.0035218728 20 20 20 21.6933884153 22.1867596423 22.5772160747 22.7668318142 22.7709362311
24.9483124851 25.238902518 25.6275025904 26.0240001584 26.3587834239 26.5898823571 26.7216635151 26.7831373423 26.8150898979 26.8386754169 26.8756010218 26.9589518199 27.0932388942 27.2119647414 27.1888413803 26.9181471634 26.3894170193 25.7165510807 25.0698639215 24.5831044991 24.2802285997 24.0846035779 23.9033375304 23.6996016044 23.5023365655 23.3548252389 23.2591299854 23.1694559829 23.048239193 22.925294763 22.8750529245 22.9331785785 23.0503958996 23.1137779694 23.0350822039 22.8272527666 22.6054639618 22.504660078 22.5706465829 22.7225819023 22.7870259294 22.6061355389 22.1609400613 20 20 20 21.6760139064 22.1231390101 22.4616118267 22.5977241011 22.5658624762
24.3313942568 24.523063067 24.8150937699 25.1088580541 25.3309077678 25.4477153922 25.4653306787 25.4418735648 25.4308491836 25.4504426981 25.5031057928 25.6054956266 25.7647384708 25.9050162141 25.8906034614 25.6274929885 25.145433049 24.5747609229 24.0772787524 23.7718221109 23.6627773315 23.6523606217 23.625386348 23.5332828204 23.4090417034 23.3056881277 23.2393173235 23.173507671 23.0793601182 22.9724678089 22.910464196 22.9198814457 22.9591838958 22.943448307 22.8205750219 22.6291866062 22.4812613365 22.4603744403 22.5769431102 22.7457905851 22.8246058493 22.6649340851 22.232600783 20 20 20 21.6162091973 22.0280344916 22.3423826665 22.4589320972 22.4185647256
23.8561890633 24.020059134 24.2430903512 24.4281581466 24.5089563087 24.4744667872 24.371818464 24.273131644 24.2353271193 24.2579892696 24.3125002418 24.4055978463 24.5498747004 24.6914704471 24.7080696039 24.5291780872 24.1916575385 23.8048799205 23.4934856711 23.3434950482 23.356177274 23.4328378682 23.4615817379 23.4134830122 23.3316865289 23.269068234 23.2271025743 23.1800670522 23.0994779797 23.0085142356 22.9406730893 22.9058496042 22.862920847 22.7668785514 22.6078841794 22.4479333016 22.3707741336 22.4313153508 22.5973022965 22.7766528123 22.8311629105 22.6386338706 22.1916118312 20 20 20 21.5570409972 21.9487620882 22.2505447253 22.3703386106 22.3452374677
23.5174505451 23.6878785955 23.8828021718 23.9912078717 23.954886339 23.8037670557 23.6260517796 23.5135468679 23.4960436988 23.5373416698 23.589105396 23.6510910329 23.753565504 23.8685334577 23.9144330113 23.8327512687 23.6508444998 23.4373538837 23.2674459924 23.2005795064 23.23177687 23.2849646198 23.287010569 23.2403266818 23.2078854529 23.210749227 23.2205620584 23.1823877455 23.0978913997 23.0014757196 22.9297043293 22.865805874 22.7693479251 22.6164462023 22.4436836118 22.3120836439 22.2924082707 22.4080693863 22.6133399235 22.7884562514 22.7911033406 22.5369401397 22.0618227593 20 20 20 21.5392297258 21.9083006959 22.1921519244 22.3110111729 22.3088453709
23.3585674953 23.510757375 23.6555209477 23.7107894824 23.6162225446 23.4220059738 23.251768172 23.1910868819 23.2328251775 23.2982767643 23.3317590674 23.3505380883 23.402771445 23.4880184755 23.5438073241 23.5286752308 23.4503133991 23.3454074385 23.2454811319 23.183369882 23.1589930196 23.1304742633 23.0744057901 23.036923537 23.0669601998 23.160625979 23.230044133 23.2129730679 23.1118067666 22.9970369349 22.9129845326 22.842946509 22.7318932457 22.5666852479 22.3873597251 22.2708615176 22.2761988291 22.4169717766 22.6267311178 22.7691587436 22.7126895779 22.3978746649 21.9047838084 20 20 20 21.5657341148 21.9101984666 22.154103531 22.2567759223 22.268062926
23.3669630345 23.4037324204 23.4836243363 23.5032133682 23.4148637417 23.2626418356 23.1576218465 23.1693316486 23.2562115922 23.3204085806 23.311629955 23.281345733 23.2983440507 23.3698872226 23.434897119 23.4430604116 23.4010334793 23.3260319754 23.2360801066 23.1423809272 23.0539954266 22.9633852776 22.8908016214 22.8859107664 22.9882303727 23.1497176017 23.2796252415 23.2909614094 23.193579161 23.0608145578 22.9632166928 22.8941695821 22.8011976454 22.6476080927 22.4667007575 22.3412237198 22.3443492685 22.4768183557 22.652544065 22.7414772999 22.6282461758 22.2825596636 21.7915749983 20 20 20 21.6205225994 21.9390842007 22.1421320173 22.2105613044 22.2157401416
23.2872233893 23.2824253363 23.311651243 23.3333930938 23.3090590392 23.2545162211 23.2283693324 23.2723975778 23.3457002789 23.3606438214 23.2963700239 23.2209343387 23.2265610007 23.3053639998 23.3822194098 23.3928271567 23.330340121 23.2302705899 23.1147212379 23.0028012431 22.9006284912 22.8221002526 22.7896061485 22.8444912274 22.9933231588 23.1963294663 23.3573821532 23.4042092778 23.3290014555 23.2038089096 23.0980613852 23.0253581155 22.9402051658 22.8003090926 22.6232038295 22.4895443429 22.476526661 22.5814091615 22.7112789518 22.7459986815 22.5986191797 22.2464512775 21.7716336432 20 20 20 21.6728963297 21.9886138156 22.1720600541 22.2124001647 22.1796157279
23.1156200683 23.1256973051 23.1463966624 23.2078883835 23.2823949906 23.3355699773 23.367311743 23.3888014754 23.3875262426 23.3288462447 23.2122855592 23.1187577066 23.1182519192 23.204778083 23.2868582851 23.2883967193 23.2006517197 23.0608669226 22.924762539 22.821516571 22.76416966 22.7498930186 22.7845834422 22.8818591756 23.0552275896 23.2637545303 23.4325902916 23.4951336575 23.4492735514 23.3452644403 23.241205417 23.1492324006 23.0432919578 22.9013217026 22.7438885912 22.6306115228 22.6187248074 22.7048397933 22.8095925994 22.8227197621 22.6674341606 22.3211440379 21.8472571501 20 20 20 21.7000130825 22.0430302612 22.2521796609 22.2889811887 22.2093717153
22.9977511299 22.9952854215 23.0326312806 23.1454892259 23.3110798119 23.4516686211 23.5076971284 23.477941735 23.3937202221 23.2737615363 23.1441952605 23.0498454321 23.0373586975 23.0945130646 23.1583949484 23.1606713551 23.0818919573 22.9509108765 22.8181928182 22.7403231419 22.7344853302 22.7776627951 22.845611806 22.9527026362 23.1172565029 23.3106619081 23.4608762679 23.5177684267 23.4835378096 23.3958600036 23.2851013543 23.1619038848 23.0212578729 22.8748610084 22.7539494236 22.6975241019 22.7240447249 22.8209268284 22.9310145325 22.9603758391 22.8212642115 22.4773497043 21.9832236547 20 20 20 21.6845865905 22.0734851277 22.3471603569 22.4237380881 22.3359633069
22.9400777829 22.9397055555 22.9802418766 23.1307550768 23.3503149237 23.5356336275 23.5989524584 23.536259599 23.4061794405 23.2755047279 23.16750062 23.0836403671 23.0313712633 23.0203497404 23.0390075385 23.0617114922 23.0520818343 22.9880259012 22.8943018782 22.8325670649 22.8368426284 22.8820420569 22.9407596669 23.0278914272 23.1626947203 23.3199603865 23.4366357824 23.4710887636 23.4319514712 23.3399693871 23.2110465676 23.0545661105 22.8968509794 22.7675115507 22.7031396506 22.7157502135 22.7963975903 22.9204375408 23.0422838902 23.0922988189 22.9763181355 22.6378800782 22.1200747019 20 20 20 21.614688637 22.0459703197 22.4002896716 22.5674730555 22.535525537
22.9522605763 22.9267126806 22.9654494694 23.1074317757 23.3321558382 23.528978908 23.6048226845 23.5498303787 23.4330847385 23.3279403508 23.2533413417 23.1739799878 23.0677812306 22.971251235 22.9441807138 23.0005058251 23.088849392 23.128092298 23.0948642883 23.0342882465 22.9983031286 23.0014382256 23.038091983 23.1072353483 23.2104801757 23.3224774845 23.394149765 23.4008765131 23.3474619004 23.2459802062 23.0983344032 22.9343721328 22.7923229867 22.7131566707 22.7074290685 22.7718150189 22.8808239722 23.0028036742 23.1100455041 23.1472218783 23.0397783887 22.7182947801 22.1977157263 20 20 20 21.4957515542 21.9549007591 22.3923773128 22.6680287839 22.7430678475
22.9847968512 22.9747827725 22.9535493811 23.0432238482 23.2308709428 23.4233249433 23.5239542677 23.5104608662 23.4328190655 23.3601967987 23.3071471709 23.2218698309 23.0742659991 22.9207340097 22.8656205867 22.9528846311 23.1162943426 23.2491792756 23.2766734303 23.2096932913 23.1208043661 23.0800333628 23.1108653085 23.1926041204 23.2838279617 23.3477560034 23.3674169084 23.3387671513 23.2757263096 23.1776942872 23.049382583 22.9119337155 22.8191826288 22.7934018757 22.8308309982 22.9035124409 22.986588224 23.0598633874 23.1058793755 23.0978215924 22.9772212653 22.6762068708 22.177822514 20 20 20 21.3718180361 21.8484107838 22.3464667368 22.7165089358 22.8923173554
23.160314537 23.0366203183 22.938239445 22.952888656 23.0959112976 23.2814830005 23.409781725 23.4359318132 23.3906970704 23.3351879762 23.2854002986 23.1978660124 23.0379857238 22.8728491392 22.8142967276 22.9071449675 23.097824155 23.2700447319 23.3295641425 23.2615533324 23.1446861308 23.0879027604 23.1446188159 23.26534858 23.3614113494 23.3860605228 23.3448628246 23.2766984728 23.2095124472 23.1506853403 23.0810988093 23.0120523658 22.9731824357 22.9868885095 23.0256855385 23.060945639 23.0720760927 23.062782337 23.0332978503 22.9675956979 22.8241480242 22.5345734502 22.0699584257 20 20 20 21.2997245403 21.7848640227 22.3104921165 22.729380531 22.9699322191
23.2343830723 23.0446600336 22.8841368798 22.8609677917 22.9861860385 23.1791088161 23.330231466 23.381510152 23.3505121596 23.2968176419 23.2489872391 23.1643825976 23.0191098247 22.8680795144 22.8098497133 22.8861022485 23.0454495254 23.1934859314 23.2417634502 23.1721561451 23.0592626185 23.0283326202 23.125878526 23.2885260665 23.3984126715 23.3917323579 23.3002588045 23.1948374699 23.1334985789 23.1249037053 23.1403135669 23.1513816746 23.1706031588 23.1970417117 23.2099774972 23.1740262155 23.1020802551 23.0189684817 22.9358712075 22.8294820982 22.65716997 22.3637636396 21.9250031451 20 20 20 21.3009905978 21.7853824629 22.3063076611 22.7263454749 22.9838274044
23.0834112079 22.9330738059 22.7832562691 22.7590770755 22.8994490692 23.1194441307 23.2993117478 23.3724517591 23.3563775777 23.3132757926 23.2710069213 23.2010545152 23.0709808099 22.929208907 22.8617148974 22.8977473774 22.9948612192 23.073169771 23.074523175 22.9956349262 22.9173449512 22.9286894769 23.0674236597 23.2544372116 23.3677888548 23.3459558675 23.2280677861 23.1050751821 23.0516801107 23.0823678279 23.158281956 23.2374420459 23.3005895448 23.3432633521 23.3266319859 23.2386662153 23.1081023472 22.9906940962 22.8899253382 22.7653364877 22.5631926835 22.2400123164 21.7935710417 20 20 20 21.3561287056 21.8329978276 22.3189195043 22.7058112835 22.9408089532
