travaux_groupes/kilucrue/mnt1.asc
NCOLS 101
NROWS 101
XLLCORNER 0
YLLCORNER 0
CELLSIZE 1
NODATA_VALUE NaN
[rows 0 to 22 of 101, columns 0 to 50 of 101]
30.5055836102 30.2411560716 29.9459449255 29.622396931 29.3626922564 29.2323261318 29.1764414424 29.2742390277 29.3183477695 29.3550755635 29.5332169398 29.7934030959 29.9857247118 30.1328726024 30.2346200714 30.2591004821 30.1139642147 29.8258409047 29.5054635777 29.2058038921 28.9753491689 28.9668845213 29.0363453887 29.1466884259 29.0300354292 28.4766828487 27.3447310792 25.8311302964 24.5102192257 23.5957953367 23.2870946078 23.4489891459 23.7036882906 23.7107658455 23.451605317 23.2162278855 22.9365758496 22.6188828392 22.4902616751 22.5456479281 22.5373243138 22.338628192 21.9339469168 20 20 20 21.9533328128 22.4517142782 22.9344016443 23.3274285663 23.5702844331
30.301862374 30.1423142948 29.8703570215 29.6201310714 29.4391213378 29.325481398 29.2999524825 29.3208622457 29.3764342193 29.4614810845 29.6156045565 29.8095823724 29.976400342 30.0785739173 30.1172524339 30.0592121586 29.887519392 29.6402237941 29.3822397275 29.1592955663 29.0288408332 29.0020990786 29.0793539822 29.1290857451 28.999108589 28.4853574142 27.505250311 26.2212309697 24.9417811657 24.0089218861 23.5542178122 23.5108300467 23.6209244635 23.6275540745 23.473146276 23.2036800566 22.9060194075 22.6545763253 22.5390316469 22.5434903939 22.5167783879 22.3090757179 21.9008472765 20 20 20 21.9378694656 22.4706841055 22.9305125524 23.2997643724 23.5489648239
30.1462528349 29.9632437177 29.7485479062 29.5906964859 29.5047353195 29.4563817076 29.4250393041 29.4287601016 29.4702942171 29.5586760307 29.6911708834 29.8380048276 29.9438974293 29.9748306372 29.9241482808 29.792895873 29.6032311315 29.403791251 29.2354022739 29.1184723779 29.0622961523 29.0787369607 29.1384567018 29.1724917493 29.0528048209 28.6463687818 27.8718455274 26.7757702194 25.5700548168 24.5326159087 23.8670793786 23.5944745935 23.5656836043 23.5659195696 23.4412263654 23.1831250558 22.8787593611 22.6514761881 22.5689003025 22.5905972893 22.565149642 22.3428307081 21.9277629744 20 20 20 21.9476681259 22.4769268331 22.9442870086 23.2947668186 23.5114605332
29.8800578565 29.7262583431 29.5833086543 29.5307031337 29.5386054059 29.541950214 29.5255444406 29.519110274 29.5481142018 29.6189846386 29.7202277865 29.8156679434 29.8537810081 29.8085772963 29.6884207013 29.526679109 29.3667086865 29.2411322465 29.1605156345 29.1247949608 29.1314979863 29.1732008478 29.221604018 29.2260843568 29.1198591984 28.8246458792 28.2500575222 27.3550940478 26.2246744318 25.0824098872 24.1874580235 23.6855989631 23.5174499239 23.4727648989 23.3542658758 23.1062669132 22.8221416383 22.6342959941 22.6091861676 22.6777167835 22.6695276987 22.4367953353 21.9903622385 20 20 20 21.9366330595 22.4763220305 22.9473361927 23.2761318451 23.4519310449
29.4752318042 29.4102677084 29.394069385 29.441461059 29.5121199569 29.5501086611 29.5541029288 29.5548507967 29.5806548153 29.6311417085 29.6911313338 29.7234881261 29.6952120846 29.5970021835 29.4538574628 29.3179579171 29.2294116018 29.1891656678 29.1786794504 29.1888373805 29.2216902632 29.2586059093 29.2738397426 29.2403819764 29.1394334681 28.9261534144 28.5155500233 27.8017125573 26.7664804297 25.5665607281 24.4966359652 23.7939443413 23.4724169436 23.3431089004 23.1970667395 22.9667219357 22.7351750561 22.6222244942 22.6639207394 22.7694168582 22.7679676867 22.5235685787 22.0599577332 20 20 20 21.9201293316 22.4610157534 22.9255014059 23.2201097034 23.3516684714
29.0024639954 29.0950282484 29.1997938445 29.3230850773 29.4183082007 29.4722893528 29.5007593995 29.5299412149 29.5623876563 29.5931909392 29.6045386987 29.5804503098 29.5094613783 29.3990484789 29.2844831474 29.2133775919 29.2083206993 29.2418840885 29.2700229937 29.2866286088 29.295965085 29.29139263 29.258093841 29.1988849368 29.1079720476 28.9484134189 28.6325193098 28.0458988726 27.1120790583 25.9287169393 24.7736963066 23.9233862107 23.4513026444 23.2132416524 23.0249470712 22.8258460252 22.6709487378 22.6390594488 22.7236811425 22.8249400492 22.7995259978 22.5476437619 22.0899062474 20 20 20 21.9171880504 22.4404959519 22.8699544747 23.1213869411 23.2162399673
28.724321778 28.8712312311 29.0427805329 29.1831654011 29.2723885204 29.3234403622 29.3791913704 29.4413378774 29.4864261546 29.4958888029 29.4737586313 29.42521237 29.3542163812 29.2727795911 29.2158970691 29.2251849402 29.2987714338 29.3768213956 29.406846047 29.3818953117 29.3281457099 29.2600653507 29.1874171864 29.1237657269 29.0556242349 28.9213306559 28.6393643812 28.1075291346 27.2567839452 26.1393931473 24.9769071393 24.0437204097 23.4567660786 23.1317941552 22.9271607388 22.7718997222 22.6912919696 22.7067721176 22.7897125784 22.8450530129 22.7751995845 22.5102516544 22.0709441363 20 20 20 21.9296300302 22.4104135389 22.7821017569 22.9807431523 23.0563850801
28.7046208936 28.8352106103 28.9684696349 29.0715602177 29.1193317866 29.1539344051 29.212807168 29.2869703345 29.3349269023 29.343132659 29.3265665337 29.3021588089 29.2680518949 29.2310650348 29.2315334423 29.3091632222 29.4419232161 29.542387716 29.5405991463 29.4493474386 29.3212241889 29.1978220914 29.107206664 29.0541769264 29.0019655387 28.8766390833 28.5876825763 28.0639379702 27.2607270916 26.2082913788 25.0762763365 24.1098174795 23.4608773001 23.104861305 22.9252048365 22.8405613095 22.814076064 22.8406419024 22.8825520041 22.8813497377 22.7601301575 22.4703882055 22.0356259591 20 20 20 21.9337955413 22.3618646282 22.6648177578 22.81768028 22.8891525633
28.9365893367 28.9830709022 29.0307457285 29.0472938077 29.0337263599 29.0199199694 29.0381749647 29.0793667361 29.1203309049 29.1583197663 29.2038513618 29.2454412161 29.2617562553 29.2575574548 29.2826847109 29.3906574808 29.5479506452 29.6482464051 29.6167447132 29.4734610746 29.2948719082 29.1487763102 29.0631994491 29.0254312486 28.9796235825 28.844180486 28.5382768567 28.0091436868 27.2277995003 26.2141661758 25.1014153024 24.1179687331 23.4404858415 23.0902689438 22.9775591036 22.9816200318 23.0183889996 23.0390811515 23.0339560998 22.9737873915 22.8063893651 22.4802308919 22.0268855866 20 20 20 21.908666413 22.2865223091 22.5421052713 22.6740050636 22.7550215283
29.2852026741 29.254817711 29.2019374303 29.1278437532 29.0353496452 28.9484190336 28.8877599396 28.863101081 28.8910899568 28.9884144553 29.1319568985 29.2599031267 29.3187303426 29.3176120529 29.3313472582 29.4187615852 29.5543187302 29.6383358121 29.5953075366 29.4412671387 29.2592375266 29.1271879486 29.072401041 29.0584993148 29.0159476315 28.8644982022 28.5475895715 28.0236308044 27.2597853918 26.2588415612 25.1384289672 24.124726322 23.4182498929 23.080482917 23.0331012508 23.1331942526 23.2388138512 23.2765717535 23.2319760853 23.1155737673 22.8975957576 22.5356619654 22.054562806 20 20 20 21.8449360119 22.196748665 22.4464544781 22.5935430045 22.6907375778
29.6308716503 29.5278174499 29.3874293623 29.2342591869 29.0749851059 28.9197191422 28.7819264253 28.6978104311 28.7200214988 28.8732212547 29.103713645 29.2991398228 29.3804009754 29.3697578416 29.3520184879 29.3910694373 29.4741016775 29.529437947 29.4904396007 29.3606648734 29.2107024094 29.122056162 29.1123155716 29.1296435966 29.0925954169 28.9381355 28.6264902163 28.1262535337 27.3862979475 26.3927672341 25.254132512 24.2019614845 23.4598217491 23.1087767591 23.0858146036 23.2377246208 23.4029955537 23.469247865 23.4128252501 23.2490661375 22.9821332854 22.5907780276 22.0953626609 20 20 20 21.7725428132 22.1224982084 22.4018906964 22.5863353559 22.7018345427
29.8509955832 29.687980414 29.4933097156 29.290882858 29.0976929304 28.9064795025 28.7344911994 28.6287501512 28.6559339992 28.8328736212 29.0843140663 29.2865107713 29.3694506188 29.3585879122 29.3273595852 29.3283708916 29.3645578627 29.3934560206 29.3688340485 29.2770004455 29.1718324074 29.1244131168 29.1474205229 29.1807041072 29.149316664 29.0068112602 28.7239856998 28.2597661264 27.5546735398 26.5803505463 25.4406299431 24.3693876292 23.5867951549 23.1912798409 23.1304206665 23.2676363438 23.4407529817 23.5332863913 23.4902559586 23.31334511 23.022435539 22.6143329807 22.1116041456 20 20 20 21.7306073275 22.1014536124 22.4158062762 22.6302640706 22.7500348341
29.8506400842 29.707982878 29.5120348621 29.3098567281 29.1096655076 28.9169692312 28.747642717 28.6582850104 28.6982264379 28.8564251614 29.0492685328 29.186393136 29.241693637 29.2460373917 29.2395558874 29.2459993506 29.2694899057 29.2980462627 29.2956268827 29.2474794207 29.1801364247 29.1473564197 29.1632517586 29.180639888 29.1456566934 29.0202286068 28.7757101189 28.3558694516 27.6847006429 26.7399039345 25.6279621463 24.5578104621 23.7457495082 23.2901502016 23.1574912208 23.2208517444 23.3502966862 23.444023494 23.4317206704 23.2866647685 23.0053245663 22.5968579727 22.0919318101 20 20 20 21.7318459052 22.1358034667 22.4730670354 22.6882086893 22.7976378658
29.7436070787 29.6695752799 29.5243463792 29.3448338624 29.1566306045 28.9659834462 28.8124404841 28.7499447963 28.798313351 28.9098808936 28.9992952177 29.0315483405 29.034412979 29.0500527119 29.0915109757 29.1455882147 29.2050289538 29.2597218512 29.2923560969 29.2819474343 29.2381681442 29.1943652704 29.1704214716 29.1507769647 29.0930273764 28.9742649621 28.7600435462 28.3781687649 27.7370028462 26.8196330491 25.7346115959 24.688900417 23.8727308623 23.3801950254 23.1745112975 23.1513540699 23.2098062128 23.2758862916 23.2910015309 23.1905558573 22.9441611933 22.5479122354 22.0489447635 20 20 20 21.7561386136 22.1847979796 22.5282890364 22.7276747156 22.8123790541
29.7384621183 29.7124284961 29.582803666 29.4224809896 29.2396800284 29.047585009 28.8994856206 28.8521661555 28.8984096419 28.9531157854 28.9487819553 28.8878667286 28.8388346963 28.8533257171 28.9295409617 29.0428319955 29.1608830034 29.2612424836 29.323808769 29.3332234921 29.2930851334 29.2321697924 29.1775508876 29.1137150342 29.0174343045 28.8790039725 28.6798192189 28.3309797744 27.720292606 26.8193884137 25.755300801 24.7438711634 23.9654283064 23.4758900652 23.2293618863 23.1366102564 23.1218564788 23.1481184226 23.1612739102 23.0921503929 22.8771834751 22.5035125718 22.019643667 20 20 20 21.7707240687 22.2019501475 22.5380910463 22.7234229102 22.7847273149
29.9330387397 29.8103640148 29.6658076782 29.5011713318 29.3164256779 29.1211641878 28.9721463564 28.9271929178 28.9569011283 28.9739044564 28.9133493206 28.8110390078 28.7433362457 28.7554071803 28.842033295 28.9762501559 29.1304986612 29.263135963 29.3364262004 29.3362177413 29.2858279638 29.2270731527 29.1661812346 29.0714977279 28.9220417263 28.7468987626 28.5500427927 28.2363096927 27.659262423 26.7748033473 25.7255798668 24.7564203285 24.0372275628 23.5920018303 23.3446410718 23.2071161995 23.1339563991 23.108367268 23.1055008174 23.0492281248 22.863853618 22.5139227139 22.0412312174 20 20 20 21.758827809 22.1737591929 22.5036503889 22.6853066926 22.7405223038
29.9862202812 29.8378036014 29.6786440368 29.517900581 29.3379212908 29.1496860925 29.0092253096 28.9613535235 28.9791815219 28.9774776703 28.9170969377 28.8337630701 28.7957265334 28.822673375 28.8927347941 28.9948330991 29.1204742466 29.2380134162 29.2937342932 29.2728697553 29.2183505772 29.1788060723 29.1358955801 29.0236718089 28.8297490148 28.6168676547 28.412524818 28.1169275378 27.5630916303 26.6934677905 25.6628530429 24.7309207592 24.073384151 23.6920074934 23.4769817787 23.3233197272 23.2017354423 23.1295004231 23.1030587047 23.0665047364 22.9191936978 22.5948717744 22.1180568542 20 20 20 21.7320683994 22.1420975678 22.4784295666 22.67624534 22.7389472734
29.7890667911 29.6907396569 29.5765487316 29.4424464473 29.2896139537 29.1329704067 29.0170685943 28.9768546428 28.9904412184 28.9994728507 28.9781328548 28.9637898784 28.9899287055 29.0383593467 29.0751979269 29.0982470241 29.1380801626 29.1886378288 29.2102989343 29.1823759614 29.1435816866 29.1320696553 29.1127136926 29.003079421 28.7919864439 28.548260688 28.3102412543 27.9838174108 27.411361904 26.5453704863 25.5376908355 24.6455925672 24.045656159 23.7293857729 23.5612738947 23.4234558057 23.279087569 23.1643442856 23.1133986104 23.0891840007 22.986963711 22.6938687458 22.2082478086 20 20 20 21.7316626056 22.1645982776 22.5367844896 22.7632202232 22.8474704813
29.4726878124 29.4811983378 29.4103616247 29.3166583447 29.2093778203 29.1042034092 29.027196218 29.0051118106 29.0334734181 29.0752655768 29.1127415029 29.172877476 29.256835286 29.3152588019 29.2999281261 29.2306702026 29.1615979742 29.1313079378 29.1218772084 29.1111351874 29.1072388769 29.1280650103 29.1314457403 29.0425557635 28.8352191508 28.5621709356 28.2482811349 27.8239341368 27.1768712254 26.2923152914 25.3200603547 24.4915466745 23.9549222148 23.6940265885 23.5844359254 23.4911885188 23.3592434244 23.2136359925 23.1130341472 23.0719011446 22.9913625325 22.7309176826 22.254517868 20 20 20 21.7818005166 22.2623631673 22.6856426668 22.9561030937 23.0706090075
29.3682933698 29.3585493016 29.3124577633 29.2413238644 29.1736657687 29.1124750258 29.0696996754 29.0750228966 29.1369336371 29.2224649728 29.3128754595 29.412687103 29.5107401735 29.543643276 29.4699309731 29.3157588557 29.1622372458 29.0676991921 29.0458836432 29.067578985 29.117848697 29.1779278938 29.2054754772 29.1336651677 28.9336374586 28.6184552947 28.1942643113 27.6163142209 26.8430327423 25.9214640346 25.0096166151 24.2820145516 23.8262790718 23.623357783 23.5722451009 23.5431718838 23.4451192117 23.2768312072 23.1122112429 23.0057115186 22.9073842506 22.6710568069 22.2305219357 20 20 20 21.8644542042 22.3829190698 22.8479402454 23.1592327148 23.3102067207
29.4624982982 29.4544357609 29.3816795151 29.3102145266 29.2475628854 29.1901854683 29.1552030236 29.1838640574 29.2852049142 29.4181121195 29.5379317532 29.6395253006 29.7007321242 29.6754618671 29.5383781332 29.3323138061 29.1324751235 29.0097401267 28.988307789 29.0551323141 29.1635437317 29.2686530991 29.3122503217 29.2420708344 29.0260380047 28.6506211274 28.0926541326 27.3305127456 26.4042238206 25.4462345333 24.6226492786 24.0341687848 23.6927194663 23.5579636138 23.5539742195 23.5738554009 23.5108186127 23.3352752289 23.1102726164 22.9243217711 22.7748384408 22.5481148592 22.1577331438 20 20 20 21.936601623 22.4513838678 22.9098038497 23.2328158462 23.4104147496
29.770095069 29.700701828 29.6145854784 29.5194730104 29.4162150207 29.3128901439 29.2521073415 29.2869329363 29.4201442369 29.5867152409 29.7264998302 29.8098659942 29.8198430673 29.7295125888 29.5446108357 29.3151065894 29.110398487 28.9878427082 28.9845036064 29.0884782314 29.2415532337 29.3679782475 29.4082614972 29.3130977332 29.0462086346 28.5751575081 27.8592555997 26.9123749114 25.8572161412 24.8974486203 24.1904832128 23.771657875 23.5742448438 23.514971352 23.5377550375 23.5706931273 23.5306899425 23.3665456269 23.1153552747 22.8720731357 22.6708936993 22.4324620476 22.0769408582 20 20 20 21.9628550098 22.4265241391 22.8214482291 23.1039360482 23.2860348623
30.0170698206 29.940129893 29.8691540884 29.7485801587 29.5766484423 29.402215906 29.304370869 29.3350091426 29.4743434961 29.6567479658 29.8073461026 29.8860728151 29.8688003866 29.7493353747 29.5495487485 29.3239623931 29.1338129548 29.0336833599 29.0550624338 29.1768075628 29.3326794486 29.4412875054 29.4407947321 29.2834274531 28.9229735999 28.3059835382 27.4154604605 26.3225957149 25.2229122329 24.3343381166 23.7806076601 23.5337092414 23.4752047493 23.4890481777 23.5150811905 23.5365221474 23.508575585 23.3741152303 23.1402415469 22.8821149395 22.6444787504 22.3776702987 22.0192587865 20 20 20 21.9285584056 22.3255666624 22.6337060431 22.8463943967 22.9995368001
