travaux_groupes/kilucrue/mnt1.asc
NCOLS 101
NROWS 101
XLLCORNER 0
YLLCORNER 0
CELLSIZE 0.990099
NODATA_VALUE NaN
[rows 0 to 13 of 17, columns 33 to 65 of 101]
23.8698182587 24.0736810492 23.9362541426 23.6455662859 23.4625070288 23.4356734567 23.6463674431 23.9286907552 23.7692844838 22.9630282433 22.0399306501 21.6110731281 21.8994193824 22.6578820524 23.4136652764 23.8928430136 24.0548404843 24.2083147719 24.5095135214 24.782612233 24.6635519699 24.3360937089 24.0561052405 23.8690316764 23.7059270259 23.3655548257 23.1602031165 23.2780066534 23.5204483511 23.7239634533 23.8081284633 23.8647067499 23.945532321
24.0912482397 24.1308686904 24.0399854953 23.8516084279 23.7206166292 23.7572699488 23.9254006617 24.0087368288 23.7123451769 22.9917686777 22.1831936229 21.7604546864 21.9192886551 22.4799143169 23.1207405378 23.6199809028 23.9775822146 24.2826103139 24.5845787079 24.7558131694 24.7085462039 24.4899754564 24.2695532194 24.1193827048 23.9442955443 23.7424856787 23.6072712515 23.642277993 23.790558367 23.9158804839 23.9817908341 24.0287091626 24.0494488147
24.4534871318 24.390116442 24.2762121269 24.1568257928 24.1138593329 24.1960526454 24.3203471477 24.2707884966 23.8548658417 23.0936392877 22.2900560042 21.8262303462 21.8669363264 22.2803109082 22.8301795592 23.3805722118 23.8953025627 24.3433989492 24.6574884368 24.7930799004 24.7570278063 24.63915509 24.5390771656 24.4767740013 24.4065803006 24.2986494032 24.2081314572 24.1824901502 24.2069104122 24.2207994035 24.2211374925 24.2378933987 24.2401985374
24.8433096659 24.6907340084 24.5432803413 24.457078899 24.4811002828 24.5987095896 24.6922459477 24.5629610419 24.0557139296 23.2285724531 22.3826914922 21.8745888769 21.8536946379 22.2034765611 22.7287955659 23.3226143207 23.9230070529 24.422353573 24.7084598556 24.7784584666 24.7385503336 24.7058346299 24.7303493337 24.7887294217 24.8253233049 24.8039135205 24.7345849131 24.6530343485 24.5656413264 24.4776608355 24.4245758354 24.4439309375 24.497941364
25.0603663371 24.8534179397 24.6782515469 24.6159831447 24.6788693254 24.8173960353 24.8933469818 24.7185239036 24.1638826094 23.2969534975 22.4283423796 21.9177345311 21.9153381207 22.2996417007 22.8675133129 23.492584212 24.0908932399 24.5379269292 24.7396722382 24.7376686369 24.6859278998 24.6975088209 24.7811651064 24.8941769991 24.9828506934 25.010143365 24.9615948145 24.8570936587 24.7290188743 24.6173314502 24.5781155397 24.655321981 24.8291913805
24.9683589504 24.748043358 24.5972341388 24.5697786673 24.6628626124 24.8013373158 24.8552867206 24.6538740815 24.0804951725 23.2207559586 22.3806959743 21.9240367711 22.0019979716 22.4870157367 23.140729111 23.7889078139 24.3214312716 24.6546068787 24.7635499015 24.7268582221 24.6628745073 24.6449494437 24.6769233607 24.7343861212 24.8009804461 24.843657836 24.8391863285 24.7815946018 24.7104331733 24.6738023028 24.7170729915 24.8845137704 25.177430345
24.5820960543 24.4095823825 24.3280665631 24.3702139054 24.4863683398 24.6057526238 24.622564538 24.3973011016 23.8354145154 23.0204927266 22.2529223584 21.8770267396 22.0467706259 22.6358983321 23.3760228677 24.0358342851 24.4899601327 24.7152092687 24.770482175 24.7363306944 24.6582566204 24.5533438639 24.452268068 24.3984437418 24.4148461273 24.4891914508 24.5670000013 24.6257879912 24.6772247854 24.756964848 24.8926547334 25.1119955167 25.4568935053
24.0806702249 23.9702745656 23.9803408388 24.0898197498 24.2291661039 24.3240234226 24.3038355519 24.0697002685 23.5489342028 22.8094116728 22.1188187549 21.8055168438 22.0306277265 22.6782409429 23.4605338374 24.1111946433 24.507850024 24.6771665481 24.7207310231 24.6983978787 24.6016106584 24.4204931313 24.2114994328 24.0828224493 24.1065642854 24.2596022319 24.4673464781 24.6678984304 24.8483276041 25.0097853563 25.1635755728 25.3441439437 25.616788536
23.6650308212 23.5894164415 23.6527692655 23.8052933887 23.9594091644 24.049433415 24.021593581 23.8124927108 23.3545805355 22.6916377784 22.0509477178 21.7574328219 21.9869793796 22.6351949724 23.4053852605 24.020004794 24.3735019225 24.5234198661 24.5673092176 24.5524212294 24.4578357306 24.2758268489 24.0777399471 23.9883925966 24.0948976392 24.3744557075 24.7296182223 25.0682647284 25.3346797296 25.5015204896 25.5768416057 25.6156931106 25.7008456624
23.4567352033 23.3801135836 23.4533949902 23.6169837911 23.7789380116 23.8764454837 23.8827606809 23.7291894284 23.3342585898 22.7110504374 22.0803188819 21.7678203213 21.9695894387 22.58688514 23.3144187179 23.8764565012 24.1788114578 24.2908285771 24.3180250482 24.305924241 24.2554022431 24.1743938096 24.1179122537 24.1755487253 24.4153118261 24.823881509 25.3064715165 25.747536745 26.0448697896 26.1570860913 26.1063357041 25.9562326199 25.8114882746
23.4668775343 23.3915557218 23.4710725361 23.6280434873 23.7725947164 23.880013346 23.9300589127 23.8430652464 23.4884353142 22.8660744628 22.2035640994 21.854044912 22.025753714 22.6180882227 23.3124496719 23.8195628184 24.0519111293 24.0902600805 24.0599530883 24.0378629926 24.0559580237 24.1386205427 24.2975642678 24.5574636465 24.9464909432 25.4554693984 26.0113378752 26.4806469378 26.7605609001 26.8131861918 26.6622087502 26.3697577694 26.0531159145
23.6474651052 23.6027525479 23.6900355123 23.8262815384 23.9388178162 24.0305385879 24.1113066403 24.0693394826 23.7417559601 23.1026611312 22.395752326 22.0050172191 22.1626856163 22.7587136262 23.4453195593 23.9142204302 24.0743254747 24.0217456768 23.9029785111 23.8412021795 23.9167578872 24.1507719964 24.5278400177 25.000011003 25.5372831233 26.1246077422 26.6792468923 27.1013628151 27.3231040979 27.344250606 27.1748792232 26.8424501754 26.4549177261
23.9465243206 23.9116735146 23.9809851462 24.0875665018 24.1736571204 24.2457788268 24.3130479565 24.2812867286 23.972078188 23.3309275085 22.5918785081 22.1710425218 22.3270928043 22.9435372021 23.6458635652 24.1066945922 24.2249862683 24.0930322789 23.8836595565 23.7707225531 23.8636675242 24.2037913188 24.7490018534 25.4055980135 26.0866503303 26.7152620855 27.2290256298 27.5545051435 27.7073011952 27.7236908312 27.600764309 27.3132329155 26.940930482
24.2716564886 24.1912373647 24.2054425877 24.2963322841 24.3984562841 24.4662098098 24.4915570053 24.4204996259 24.1056638301 23.467483732 22.7199382471 22.2866866336 22.4455577995 23.0806285849 23.8105052931 24.2935531043 24.4091171606 24.22899076 23.9569452071 23.7980246744 23.8920839402 24.2870482246 24.9378675874 25.7237488975 26.4899782063 27.1290948656 27.5635663796 27.8042714849 27.9027446633 27.9302008217 27.8679598033 27.6537272066 27.32378697
