travaux_groupes/kilucrue/mnt1.asc
NCOLS 101
NROWS 101
XLLCORNER 0
YLLCORNER 0
CELLSIZE 0.990099
NODATA_VALUE NaN
[rows 0 to 13 of 17, columns 0 to 32 of 101]
26.7440003646 26.3652282645 26.0579151579 25.7110055705 25.4352450002 25.3302339975 25.293915118 25.2140706962 24.9569976944 24.5861886915 24.3110662179 24.4414795628 24.9329063017 25.4754126162 25.8381600103 25.7752225503 25.4176731424 24.8764532071 24.3799932933 23.9323246576 23.445987925 23.1643447078 23.2741430007 23.8445330691 24.7192802454 25.5832319923 26.0414676774 26.0047223463 25.585386559 24.9088882896 24.1978135926 23.8129346668 23.7009510768
26.0298368194 25.8575896039 25.6121952067 25.3813499614 25.2031326062 25.104064612 25.0442714824 24.9450996611 24.7773652944 24.5739327916 24.4775549682 24.6111388253 24.9680850824 25.382999547 25.611026402 25.5530867684 25.2360248631 24.8488440824 24.4912621633 24.1537792604 23.8224253797 23.588150003 23.6324661649 24.0195570222 24.6593395585 25.3027087184 25.6918227401 25.7011506 25.3834119555 24.8908572187 24.425815781 24.1120934443 24.0294830852
25.1102939293 25.058257459 24.9739655741 24.8760529662 24.8056071576 24.7481533468 24.6911678351 24.6301908472 24.5746185486 24.5411305866 24.5603226398 24.6942646138 24.9569088398 25.2396780471 25.3777357192 25.2773498892 25.0296025413 24.7888058626 24.6392682902 24.5084935773 24.3193072292 24.1232436307 24.0609216673 24.2361136867 24.6183720185 25.0551282968 25.352951852 25.3907168831 25.2106812775 24.9492204943 24.7129783926 24.5638331667 24.4913724172
24.2676920981 24.3828757578 24.4297356237 24.4561563994 24.4603909453 24.4468439978 24.4198664496 24.4140962079 24.441013734 24.4771797367 24.5241597534 24.6307507254 24.8350318959 25.0617764341 25.1590320698 25.0564940083 24.8543214959 24.7339229331 24.7469635748 24.7847546762 24.7176884992 24.5567377947 24.4354235906 24.4758295023 24.6925743834 24.9896854008 25.2021498927 25.243930615 25.156086841 25.057125309 25.0130200718 24.9947490628 24.9493239606
23.9183576911 24.0902747423 24.2154163823 24.2822361292 24.3145827574 24.3205420557 24.3239044105 24.3434104025 24.3671411557 24.3689843521 24.3669605282 24.4393640703 24.6239158342 24.8544563091 24.9742380724 24.9042433821 24.7482246498 24.680947632 24.7569239946 24.8622321306 24.866031052 24.7663388323 24.6727536707 24.7031950403 24.8881934221 25.127474204 25.281073506 25.2698307674 25.1727741122 25.1185045114 25.1604407131 25.2273371915 25.2065345524
24.0960135115 24.2273234168 24.3128922666 24.3469725146 24.3462759051 24.3469930841 24.3542441312 24.342807225 24.2850975448 24.186224915 24.1177552364 24.1662002223 24.3598655567 24.6062933807 24.7668349078 24.7681575053 24.6764850892 24.6296609527 24.6828033237 24.7658497626 24.7947015799 24.7668374757 24.7662826472 24.8769205963 25.1028125731 25.3433508797 25.4383102782 25.3417706463 25.1530481003 25.040547462 25.0677669857 25.1472153048 25.1286041568
24.5212507592 24.4954801135 24.5145225905 24.4880854825 24.4368767248 24.4114327806 24.3939241731 24.3205817151 24.1544223353 23.9527204412 23.830753401 23.8698667416 24.0522559009 24.2913238427 24.4833591214 24.5755297108 24.5904134225 24.582297898 24.5925184946 24.6197393099 24.642350804 24.6760945815 24.7716672093 24.9627749835 25.2239426593 25.4358713805 25.4686521865 25.2915519577 25.0289708961 24.8374980213 24.7917334762 24.8046610591 24.7474086252
24.6025568304 24.558255739 24.5801073162 24.5481129559 24.4793432833 24.424323093 24.3727218613 24.2449160838 24.0173986975 23.7739011276 23.6269608219 23.6284580196 23.7563842559 23.9500290789 24.1555622747 24.3429268294 24.4789247765 24.5406416026 24.5389106553 24.5218716783 24.530802962 24.5976440892 24.7373248993 24.9440808159 25.1528385447 25.2715431004 25.2264018994 25.0330391859 24.784112533 24.5891611953 24.4722160139 24.3815733128 24.2442983669
24.2159136419 24.326816564 24.4244402411 24.4602557168 24.4266305668 24.3695847924 24.2886189561 24.1468039779 23.947203539 23.7494046491 23.6122848585 23.5604788164 23.597418338 23.7198164616 23.9207463936 24.1625465345 24.3785709994 24.4997564201 24.5214412194 24.4983228975 24.5067194685 24.5686486428 24.6781160372 24.7938612498 24.8650959861 24.8416407175 24.7297002335 24.5807801443 24.4486074861 24.3408554278 24.2231913632 24.0533415046 23.8471159722
23.8253243036 23.9797085462 24.1376411668 24.2433112286 24.2876486336 24.2671668532 24.1907746377 24.0768883408 23.9591826652 23.860996968 23.7798642026 23.7089678087 23.6788863249 23.736110491 23.8944551945 24.1197676048 24.3323188915 24.4683592862 24.5188291626 24.5406350745 24.5685722541 24.6007713816 24.5985026992 24.5513857549 24.4473020904 24.2950698589 24.1432858404 24.0617764451 24.0740290784 24.1121949455 24.0686968989 23.9024030092 23.6634164664
23.6618098363 23.7558917862 23.8609411128 23.9929554635 24.113916096 24.1715211677 24.1406412422 24.0679578943 24.0131466782 24.0024636115 24.0026612898 23.984798095 23.9608387688 23.9812162597 24.0740736477 24.2199518767 24.3675647395 24.4741148666 24.5528945535 24.6284657427 24.6929847412 24.6791846784 24.5511594729 24.3314872893 24.0807208268 23.8448461752 23.676526332 23.6441686589 23.7599094565 23.9280235623 23.9998635708 23.8962715277 23.6714937188
23.7138410951 23.6724068982 23.6922483321 23.8136207417 23.9980476875 24.1389694768 24.1740061791 24.1241630011 24.0809389088 24.0984027818 24.1713433054 24.2454337087 24.2885373877 24.3043169092 24.3362413784 24.3958694505 24.4694918021 24.5447033919 24.6297601779 24.7328432027 24.8073757862 24.7692396804 24.5677773858 24.2464859825 23.90165628 23.6136197833 23.4418276636 23.439648128 23.6079978845 23.8512298458 24.0137308811 23.9870955857 23.8179803742
23.7140467676 23.6327778403 23.6273218695 23.754653093 23.9794910301 24.1824636167 24.2619942306 24.2278554525 24.162916654 24.1687544976 24.2743342986 24.4253709494 24.5283767112 24.5589650346 24.5432574824 24.5404282486 24.5674991277 24.6206044562 24.6924008107 24.7765175496 24.8397838415 24.8090351611 24.6228159754 24.2927768473 23.9067136875 23.5823713014 23.4158785729 23.4486859351 23.6585771689 23.9409403685 24.1429579807 24.1791443504 24.0712657786
23.5881746928 23.5910036169 23.6327172044 23.7853059339 24.0235060761 24.2392431742 24.3451945009 24.3272925676 24.2579449262 24.2495979724 24.3590506366 24.5283414711 24.658372047 24.6803624276 24.6274364011 24.565271957 24.5521844527 24.5888452987 24.6478644319 24.7110633242 24.7676857635 24.7810891672 24.6703522497 24.3971875822 24.023419486 23.6914949301 23.5383128141 23.6218023458 23.8891077246 24.2031679435 24.4274046231 24.480826232 24.3992000738
