travaux_groupes/kilucrue/mnt2.asc
NCOLS 101
NROWS 101
XLLCORNER 0
YLLCORNER 0
CELLSIZE 1
NODATA_VALUE NaN
[rows 23 to 45 of 101, columns 0 to 50 of 101]
25.2837080318 25.2630543949 25.3479687084 25.5486751087 25.8447631477 26.1163724776 26.1965594838 26.0583516687 25.9015579004 25.9719118947 26.351566658 26.9123229927 27.4712528298 27.9244456108 28.2259891257 28.3157092041 28.127748426 27.7136369501 27.2421889517 26.9158776362 26.8563952204 27.0291184461 27.261267951 27.3672697334 27.2908688311 27.0802799388 26.8003006545 26.5496071943 26.431326166 26.5335616481 26.8517191652 27.3046433278 27.7829261681 28.237734509 28.619777241 28.8361958918 28.8281146322 28.6445198557 28.3989489899 28.0986748 27.590376365 26.6957610713 25.4534800826 20 20 20 25.4772321371 26.6255541068 27.3252552194 27.5442708721 27.529056262
25.556436864 25.6748644477 25.8209024662 25.9930949988 26.1974226763 26.3637060905 26.3812967137 26.2361114858 26.0913901325 26.1723175389 26.5416007528 27.0544523973 27.5206596342 27.8638412824 28.0945920628 28.1723807419 28.0129345181 27.6243972745 27.16928869 26.8567911553 26.8237438339 27.0457221088 27.3218261675 27.4467525417 27.3428093226 27.0859225724 26.8020135819 26.5945554167 26.5521193267 26.703929412 27.030263301 27.4450661625 27.8798848078 28.315361435 28.7416864205 29.0691832349 29.2073326837 29.1738247891 29.0181068375 28.680561039 27.986037778 26.820750145 25.3615004599 20 20 20 25.2694156971 26.3422875209 27.0153779309 27.291800622 27.3335002263
25.9855357601 26.2347951478 26.4689890408 26.6362645761 26.7400575189 26.7835130041 26.7223475536 26.5732199639 26.4724192163 26.5778237365 26.8984850505 27.2720211134 27.5498062601 27.7443520576 27.9238704744 28.0547274229 27.9854073251 27.6487356518 27.1738835251 26.80808562 26.7184952294 26.885172165 27.1488152712 27.2954451705 27.2237240659 27.0003711068 26.7775958104 26.678740596 26.7278960097 26.9064228643 27.1707750012 27.4912689449 27.8425623462 28.2475594879 28.7018257089 29.1256543177 29.4257533725 29.5699994863 29.5378716291 29.1985957909 28.3597668942 26.9638002951 25.2918990172 20 20 20 24.9095316158 25.9121589422 26.6068548112 26.9847839452 27.1248912933
26.7443391602 26.9335914141 27.1513551154 27.3023915185 27.3439964883 27.2795629865 27.1356646845 26.972202278 26.9163295981 27.0531491734 27.2992726139 27.482117204 27.5296319657 27.5485434844 27.6851216806 27.8824575921 27.9228906507 27.6383333289 27.1336877655 26.6807711922 26.4761788373 26.5534830524 26.7954155122 27.0121328619 27.0593562255 26.9599099132 26.8725945518 26.8986236438 27.0220943019 27.1640683218 27.2997747354 27.4519844587 27.6742028756 28.0058106682 28.4397126587 28.9056207696 29.3030075938 29.5826804812 29.6624434623 29.3709968647 28.4916492132 26.9973945566 25.2248732612 20 20 20 24.5990056799 25.6015545006 26.3660344097 26.834116333 27.0247323623
27.612015998 27.6158742718 27.7327926942 27.8397480975 27.8411882625 27.7116143639 27.5033794107 27.3341190042 27.3231091981 27.4621780211 27.6113512241 27.5967897899 27.4168491929 27.2698985937 27.3391605134 27.571601967 27.6715399932 27.4350842885 26.9414600143 26.4471598342 26.1723347622 26.1845077402 26.4268827051 26.7381827838 26.956398419 27.0590347951 27.1394732437 27.271195748 27.3996632472 27.4411446973 27.3904832225 27.3363226608 27.3922887967 27.6094668322 27.9780161497 28.4074956247 28.8214881591 29.1478125204 29.3090271298 29.1093522886 28.3174307977 26.8880301667 25.1560422617 20 20 20 24.4465279055 25.511269362 26.3460814885 26.8453042708 27.0135291905
28.2043997579 28.1715941663 28.189187183 28.2195359079 28.1698434647 27.9945681661 27.7551896194 27.5967863137 27.598616718 27.7112047553 27.7412472083 27.5599353245 27.2236615203 26.9672246494 26.9757538534 27.167808037 27.260654395 27.0607132522 26.6368521142 26.2117626501 25.9545634589 25.9551411192 26.2036103449 26.5955858729 26.9829479883 27.2787153207 27.5062908341 27.6817623786 27.7477284391 27.6406952793 27.3870447438 27.139493285 27.0346351071 27.1365690697 27.3970406601 27.7516817462 28.1034726416 28.4164964559 28.6238832685 28.5489450698 27.9350439128 26.6957121544 25.1061086728 20 20 20 24.4542111016 25.5842772028 26.449112851 26.8975237036 26.9840299334
28.7104066636 28.7322491399 28.6961208839 28.619960758 28.4669806079 28.2174150195 27.9372794729 27.7422513871 27.715104297 27.7531914109 27.6822032155 27.4028930883 27.0282278394 26.7653243256 26.7374370677 26.8441373966 26.8734764557 26.6957247334 26.3826111534 26.0779340646 25.8987624223 25.910377284 26.1622932382 26.6098915265 27.1056409181 27.5220852172 27.8170626361 27.9842755558 27.9709594993 27.7151480588 27.3052976237 26.9099135559 26.6917426345 26.680213687 26.8414170019 27.0830637505 27.3555348645 27.62295617 27.8623082167 27.9180037309 27.5180932682 26.5158222274 25.1069022617 20 20 20 24.5642145005 25.7440013719 26.5961641884 26.9477154833 26.9261058901
29.6400535361 29.7403371962 29.6322161819 29.407716068 29.0899689795 28.6802388006 28.2545448337 27.9349105124 27.7724991042 27.6977558104 27.5413007796 27.2437613102 26.9115838629 26.7090337689 26.6681160069 26.6954913264 26.6555978945 26.5054058178 26.2803274768 26.0715382335 25.9416349757 25.9639291116 26.2094342879 26.6677289144 27.1976123451 27.6375400281 27.9361911875 28.0877612999 28.0237696977 27.7103861355 27.2232825296 26.7623272647 26.4554088542 26.3472356374 26.3959173272 26.5520543643 26.7461775158 26.9791769098 27.242145901 27.40635506 27.2089125762 26.4373068925 25.1823227188 20 20 20 24.6755628331 25.9163916234 26.7688698161 27.0468393986 26.9356297627
31.5432490434 31.5719521208 31.3614482777 30.9775117241 30.4334657449 29.780147768 29.1012274352 28.5271449933 28.1289176495 27.8536838917 27.5720419528 27.2268634232 26.9100405246 26.7263405092 26.6648156929 26.6418294826 26.6007249491 26.4926700064 26.3300501565 26.1505386642 26.0214941939 26.0183425528 26.2255292467 26.6404407595 27.1264287247 27.5356142427 27.8189373143 27.9663916239 27.9299296411 27.6501013403 27.2041007277 26.7323540646 26.3655746396 26.1481192963 26.1021765429 26.1900118863 26.3603561649 26.5852641858 26.8671321884 27.1133037616 27.0730910411 26.4767476613 25.3228466583 20 20 20 24.7067877694 26.0049617065 26.9148074013 27.2096739616 27.0706391522
34.2715814279 34.1580039015 33.8767596774 33.3743478854 32.6542716707 31.7585785061 30.8176057103 29.9511025323 29.2426463143 28.6475093707 28.0822569896 27.522753588 27.0621706553 26.7678525775 26.6287647179 26.5961848493 26.606823529 26.5890332352 26.476805407 26.2973207823 26.1235871497 26.0491121559 26.162508519 26.4779864486 26.886895166 27.2478016487 27.5121311253 27.6858073322 27.7113877982 27.5409486907 27.1852859395 26.7518319544 26.3416971507 26.0381358316 25.9061769793 25.9650373295 26.1495953579 26.4092599998 26.7314742065 27.0374484458 27.0894217673 26.579318398 25.4546601781 20 20 20 24.6421562227 25.9740576445 26.974754851 27.3623049776 27.2735656403
37.0822766668 36.8890100858 36.6314730556 36.1564487346 35.4009070528 34.4385596689 33.3759203924 32.331212021 31.3204717599 30.3169823993 29.2813680865 28.2987538358 27.484737825 26.9282814116 26.6380314067 26.5838958756 26.6729579349 26.7473690313 26.6862218007 26.4861321892 26.2408338395 26.0608375663 26.047572162 26.2395093206 26.5559454678 26.8707061367 27.1268523296 27.3220320777 27.4301133557 27.3569111438 27.0965034132 26.7118027228 26.2951323729 25.9497256364 25.7732754299 25.8131423022 26.030737775 26.3541922216 26.7398708762 27.0993920959 27.1744130481 26.6607103231 25.5151251232 20 20 20 24.570149678 25.8921845844 26.9486509006 27.4454215005 27.4414435716
39.1935197349 39.0279042865 38.911798478 38.5987593607 38.0086135727 37.193015588 36.2543500083 35.2146505898 34.0439182188 32.6715196585 31.1460914106 29.6246661225 28.331044474 27.3944812018 26.8698582251 26.7334715752 26.8510826999 26.9771541125 26.9261542104 26.6857970136 26.3627723025 26.0880952526 25.9624808447 26.0321445309 26.2504589377 26.5097925171 26.7532430851 26.9821549608 27.1351151148 27.1351759988 26.9377889371 26.603566661 26.2258273221 25.8931659834 25.7123145219 25.7361705651 25.9593573325 26.3322269154 26.7861244802 27.1678906238 27.2166165365 26.6512878538 25.4916880088 20 20 20 24.5891876463 25.8428116428 26.8785315805 27.4341156859 27.5287822564
40.2575903247 40.2581757954 40.3104495285 40.2246038896 39.8978621672 39.3687607613 38.6866870723 37.8341847787 36.7043913159 35.2150581889 33.3859040507 31.4419540501 29.6682570887 28.2960161016 27.4465689479 27.1372099427 27.1888116375 27.2936151981 27.2094915796 26.9202939054 26.5510717776 26.2255534631 26.0321230218 26.0084594045 26.1218291027 26.3056784725 26.5248881663 26.7527451037 26.9292882105 26.9500350288 26.7954066982 26.5264665665 26.2178078601 25.9474022628 25.7745372281 25.7699248853 25.9516848172 26.3136894728 26.7684232776 27.1283337306 27.1147048129 26.5125575224 25.3780242252 20 20 20 24.7054286894 25.8400790463 26.7790260429 27.3437575535 27.5373377529
40.631536724 40.730123925 40.9034962061 40.9988922898 40.9269270705 40.6606070471 40.2351072065 39.6263561931 38.7378590036 37.4235792781 35.6462634421 33.554811172 31.4546977735 29.6621285019 28.4434669904 27.8757787394 27.7843623806 27.8021212562 27.6661775094 27.3515385287 26.9759024789 26.6483593801 26.4426523553 26.3719307449 26.3999741918 26.4871180292 26.6198137889 26.7915270347 26.9232863257 26.923773652 26.7837539091 26.5681863101 26.3527649742 26.1510206274 26.0012747584 25.9468295855 26.0451409041 26.3055859902 26.666507017 26.9362544666 26.8533486842 26.2417443602 25.190955424 20 20 20 24.8445375848 25.8672654722 26.6839679818 27.2382939985 27.5319599468
40.7215928213 40.8317262767 41.0052781907 41.2152951728 41.3154587846 41.2356834667 40.9788588622 40.5896986189 40.001114534 39.0583246241 37.6216134495 35.7094599613 33.5420462504 31.5053081347 29.9750530381 29.1542001838 28.8764783461 28.7876221699 28.6082429063 28.2979942358 27.9414078919 27.6465367261 27.4666178535 27.3995099742 27.3668640979 27.3173243895 27.2816462995 27.2788595665 27.2636895146 27.1697519042 26.980537535 26.7754389402 26.6078495477 26.4765648086 26.3533326415 26.2640267886 26.256795602 26.3708598167 26.5672374245 26.6917859566 26.5293851577 25.9291388524 24.9637131347 20 20 20 24.9660012328 25.935053599 26.6900514826 27.2311639225 27.6081529068
40.8192003841 40.8189619225 40.9785636137 41.2226671146 41.4355157807 41.4643192185 41.3154067579 41.0636380189 40.7196350108 40.1400449603 39.1358573286 37.6225064946 35.7223182472 33.752148461 32.1588452622 31.1893493381 30.7760965033 30.5970277545 30.4072313451 30.1279302886 29.8151045794 29.5528120555 29.4113706329 29.3453641282 29.2402413908 29.0123768924 28.6997093856 28.3849304321 28.0876021943 27.7710953761 27.438619823 27.1439169928 26.9465419991 26.8363608572 26.745277507 26.6405696553 26.5681907914 26.575024122 26.6189332674 26.5884393993 26.3228064141 25.6948243383 24.7630160987 20 20 20 25.0719753555 26.0903728836 26.8499860957 27.3845032188 27.7652391449
40.8440334424 40.9319707513 41.0431878772 41.2910147376 41.5461287205 41.6505456878 41.5620728732 41.3753991264 41.1433818828 40.7777651972 40.1211626018 39.0899796506 37.7084225816 36.188433446 34.8461589264 33.9553337973 33.5006259727 33.3010549784 33.1445870443 32.9404855067 32.6905316041 32.4668496926 32.3229332086 32.2161572995 31.9904013543 31.5440714622 30.9034848666 30.190771399 29.4961309189 28.8357534028 28.2259816675 27.7195322841 27.3871771205 27.2129322676 27.1046488001 26.9926952803 26.9157573792 26.9026460364 26.8939902503 26.7540373873 26.3567002477 25.6213759109 24.6375516944 20 20 20 25.1841364549 26.300369192 27.094855201 27.568981749 27.8567899045
41.1976309658 41.2034315932 41.2742657722 41.473173828 41.729141105 41.8630022876 41.793149209 41.5960571314 41.3486425926 41.0323336027 40.59822792 40.012280963 39.2781722004 38.4286241071 37.6045892205 36.956472579 36.5742404982 36.4029112924 36.3310722261 36.2466698547 36.1091161658 35.9379543582 35.7694933954 35.5626504433 35.1973451548 34.5516879953 33.6401334582 32.5887766952 31.5149771799 30.4687371219 29.4793067723 28.6510946646 28.0636137867 27.7103919586 27.4853718814 27.3294262113 27.2561708795 27.2829084697 27.2978892394 27.119732446 26.596509398 25.7005839027 24.5919042705 20 20 20 25.2777619433 26.4669494864 27.243711607 27.5965588427 27.7194955723
41.6523919846 41.5523003596 41.5452109666 41.6957416408 41.9125878531 42.0145516128 41.9029122971 41.6250131976 41.2888936901 40.9455656862 40.6448100577 40.4463130079 40.3174961885 40.1515868655 39.8673293904 39.5174021958 39.2281465307 39.0898238684 39.0995812208 39.1790885156 39.2111561276 39.1369337222 38.9646015023 38.6808882404 38.2014516568 37.4360206732 36.3997220786 35.208115983 33.9465583273 32.625189661 31.3054955562 30.1122737955 29.1774669052 28.5092763677 28.054154847 27.7585236002 27.6319170289 27.6500514408 27.6787500041 27.484471718 26.8811247111 25.843949504 24.5974300616 20 20 20 25.2905467667 26.4802350062 27.1914533584 27.4126815763 27.4026922472
41.7916507124 41.6759268082 41.7217768621 41.8597382502 42.0164020454 42.0312137273 41.8077134769 41.422036272 40.9919684189 40.6304742513 40.4480675529 40.5434824274 40.8675597605 41.1962846562 41.3086331381 41.1762414083 40.9421639538 40.8060025061 40.8736584344 41.0935469353 41.3078936473 41.3858134648 41.288040386 41.0075015039 40.4771988701 39.6653037337 38.6447928276 37.5320956169 36.3426105367 35.0248964087 33.5805973355 32.1353585704 30.8303799867 29.7601555758 28.9486980315 28.3968502724 28.093228938 27.9970177975 27.9572415539 27.724245273 27.0694520171 25.9545934014 24.626081637 20 20 20 25.1639104102 26.3095697338 26.9728020484 27.1552505513 27.1309213633
41.3752174779 41.5347468379 41.7309867644 41.9321222013 42.0365175246 41.9328642622 41.5951166039 41.1177690374 40.6582603954 40.330022402 40.2568015033 40.519223946 41.0589800674 41.6175716624 41.9216879027 41.8911987357 41.6964983901 41.576398329 41.6773149723 41.9677942613 42.3046843553 42.5434645577 42.5949926762 42.3839109203 41.8632139733 41.0573042832 40.1304211925 39.2205765302 38.3057798387 37.2413519273 35.947879457 34.467357418 32.9206361253 31.4604748325 30.2197307474 29.2812109459 28.6697866494 28.3429423166 28.153610316 27.8388591585 27.1522047493 26.0250027783 24.6771639219 20 20 20 24.9278904682 26.0350662047 26.7187677908 26.9748004526 27.0613015716
40.9759278693 41.2741851013 41.6308190385 41.9129511879 42.0013706716 41.823057484 41.4248484162 40.9520912249 40.542350932 40.2985872645 40.2879524137 40.5728920723 41.0883099856 41.6187898083 41.9176142523 41.9310172479 41.8061246806 41.7589344323 41.8999912942 42.2056412892 42.5873987957 42.9361440284 43.1209783563 43.0078901777 42.5324165761 41.7960808178 41.0034082422 40.3255913867 39.7138472974 38.9831284801 37.9876171547 36.689507071 35.1385220794 33.4555551023 31.822566026 30.4236140618 29.3829915364 28.7173589673 28.2994912908 27.8851925616 27.2007494777 26.1233385534 24.8071774416 20 20 20 24.7195356841 25.8054519083 26.5435146236 26.9105492724 27.1091886326
40.7815691443 41.0335532832 41.4537193256 41.8205790508 41.9380966407 41.7645560107 41.4073886521 41.034247556 40.7590904421 40.6127219436 40.621631161 40.8086327387 41.1408015609 41.4648988677 41.6456457807 41.6670044174 41.6514720216 41.7220476738 41.9210714413 42.2342198464 42.6171468558 43.0016313588 43.2455030845 43.2022762511 42.8201941935 42.2062007954 41.5828363905 41.0853037825 40.6747933689 40.1845698447 39.4718365794 38.4632873103 37.1290080055 35.4746806002 33.6219761419 31.7981146123 30.2537919989 29.1405767702 28.4338399998 27.9090198742 27.2706499739 26.3037165169 25.0434519674 20 20 20 24.6649339649 25.7291677672 26.4831662478 26.8700945356 27.102004975
