travaux_groupes/kilucrue/mnt2.asc
NCOLS 101
NROWS 101
XLLCORNER 0
YLLCORNER 0
CELLSIZE 1
NODATA_VALUE NaN
[rows 23 to 45 of 101, columns 50 to 99 of 101]
24.7930698461 24.8654788217 24.9102736938 24.873437792 24.7723626419 24.6679913642 24.5780131173 24.4906860586 24.4173866233 24.3810607201 24.3870754391 24.405620871 24.4225239479 24.4489577404 24.5211321038 24.6576161078 24.8171576544 24.8941002715 24.8005416427 24.5553303521 24.2848115073 24.127858369 24.1417665626 24.2721068371 24.4337615046 24.5876846337 24.7405350305 24.8830089329 24.9748525854 24.9505296996 24.7836711255 24.5554851782 24.4304029847 24.5063640366 24.7145595952 24.9046949504 24.9830667451 24.9399797972 24.7946364536 24.5428320457 24.1883984394 23.7871273275 23.4750114342 23.3985062458 23.5894398781 23.932076331 24.2146940424 24.2833298127 24.1159660555 23.8325922668
24.7271050075 24.8051471178 24.8125307427 24.7071877338 24.5271606573 24.3384246131 24.1723493392 24.0421145018 23.9772216646 24.0081984117 24.1014704982 24.1984403385 24.2657179515 24.3293111088 24.4292563548 24.587161703 24.7759970839 24.9224187432 24.9299081915 24.7719640049 24.530903008 24.3452034205 24.2999526171 24.3715644609 24.4850196776 24.6030556276 24.7252086381 24.8594991893 24.9853020182 25.0466984172 24.9869975586 24.8386492371 24.736723317 24.7802882144 24.9268584076 25.0587232575 25.1068307887 25.0617452504 24.9108352074 24.6253896968 24.1868376591 23.6759988694 23.2637553998 23.1195667225 23.2899535187 23.660491748 24.0426538288 24.2363343898 24.1448306266 23.8348746607
24.5803222569 24.6508354692 24.6274274975 24.4886171078 24.2854097646 24.0844328478 23.9132614336 23.7854523439 23.7434410731 23.8116810754 23.9579665972 24.0997255226 24.2053952468 24.2927887417 24.3971078853 24.5411251759 24.7328968064 24.92535599 25.0405775418 25.0077782571 24.8417242012 24.6425929976 24.5143881071 24.4909261116 24.5334756424 24.59707806 24.6812541412 24.7958241852 24.9291692838 25.0334528693 25.0488230746 24.9776770046 24.8958207069 24.8874701452 24.9514218413 25.0293848663 25.079552549 25.0719312473 24.9529154843 24.6516972613 24.1737134787 23.6255445093 23.2048301157 23.0643605257 23.225715901 23.5951238739 24.0080509767 24.2856622238 24.2963450608 24.0789453548
24.4680968121 24.5342617449 24.4862639782 24.3287006767 24.1238665466 23.9431581722 23.815902976 23.7392447881 23.7258195261 23.8099037901 23.9684883918 24.1450226901 24.2891111674 24.3952576466 24.4749392639 24.5680715347 24.7150757198 24.9228063916 25.1170200682 25.1976324319 25.109792351 24.9033705594 24.7027855065 24.5959024935 24.5812810115 24.6186778117 24.6834849427 24.7732050828 24.8764869024 24.963316091 25.0090515619 24.9963479685 24.9493387181 24.90721949 24.8971302492 24.9242796396 24.9710300662 24.9896572513 24.890043318 24.6041191541 24.1362570876 23.6301732906 23.268276278 23.1715366356 23.3342001854 23.6682268907 24.0550732213 24.3565090862 24.47670511 24.4249483364
24.4598051107 24.5086397084 24.4227701754 24.2282968463 24.00320018 23.8408217765 23.7793337859 23.7826442092 23.8279824624 23.9297740358 24.1026068016 24.3070177134 24.4935598373 24.6104284448 24.6548510671 24.6763254688 24.7623139604 24.9473927089 25.1697928595 25.3012689655 25.2460447316 25.0335243489 24.7968633229 24.656083056 24.6345100336 24.681151443 24.7455345829 24.7978928526 24.8348341904 24.8806756771 24.9352860447 24.9775356642 24.9799893121 24.9398128567 24.8881908838 24.8571982974 24.8575143688 24.842519945 24.7412597123 24.4823022254 24.0892338202 23.6695126222 23.3838491037 23.3161115043 23.4552752816 23.7332814099 24.0601834108 24.3483648796 24.5296235868 24.6331129305
24.5409632576 24.5351488902 24.3834702565 24.1262829216 23.8660384113 23.7199521072 23.7232320375 23.8220870093 23.9420442236 24.0827474426 24.2693071014 24.4996622615 24.7041236905 24.821352808 24.8306117368 24.8015280897 24.836704076 24.986176324 25.1857042897 25.2938205118 25.2227608865 25.0128012457 24.7981490676 24.6898609281 24.6999673942 24.7738140238 24.8329232227 24.8304364671 24.8000692853 24.8127596309 24.8948221795 24.9889373109 25.0292909306 25.0024266511 24.9250727501 24.837782384 24.7550464263 24.6737161171 24.5451656344 24.3357277717 24.038207407 23.7252984401 23.4935143201 23.4195338754 23.5075819492 23.714969994 23.9817152083 24.2264772751 24.4053676362 24.5246958053
24.6301283338 24.5632466654 24.3323504635 24.0167902994 23.7422274399 23.6217756135 23.6870034818 23.8546611374 24.0298993351 24.1838278842 24.3711676773 24.6003658404 24.810713102 24.9158146764 24.9134178567 24.8704820618 24.8861634295 24.9981441882 25.132428096 25.1670508053 25.0539299889 24.8683621262 24.7292996016 24.7013570262 24.7705774796 24.8647409834 24.9021602028 24.850435483 24.7785515549 24.7977231538 24.917142556 25.0455257943 25.0912829248 25.0349163887 24.9211401398 24.782235992 24.6493795753 24.5152491093 24.376519054 24.2142708725 24.0193490531 23.7950129651 23.599572415 23.5033525934 23.5352453988 23.6812467809 23.8874039775 24.0753481478 24.1759619935 24.2043267798
24.6663887398 24.5709295864 24.3034047282 23.96989904 23.7129504122 23.6393211114 23.7471357976 23.9397206302 24.0973448455 24.2154138049 24.3586407027 24.5647317319 24.7694564422 24.8957004647 24.9238100992 24.9148026369 24.9323586533 24.9895290953 25.0175605857 24.9443799146 24.7823825504 24.632952873 24.5859557877 24.6593572765 24.7971935211 24.9105934584 24.9269708287 24.8565234563 24.797849519 24.8433235911 24.9913933116 25.1205117439 25.1245657581 25.0033942733 24.8257601856 24.6694935273 24.5423923344 24.4288522053 24.3122540274 24.2025202148 24.0818037161 23.921602133 23.7474910928 23.6334966919 23.6347321118 23.7398798639 23.8930283868 23.9983253537 23.9870254118 23.8609744133
24.6325333435 24.570031899 24.3301279623 24.0287809463 23.818496181 23.7928314275 23.9282441764 24.0967052667 24.2004838209 24.2373637123 24.3038592458 24.4541085154 24.6568616473 24.8400246532 24.9620392511 25.0207807008 25.0433089736 25.0140382614 24.8997464209 24.694542419 24.4791247915 24.3552253445 24.3838421597 24.5395767117 24.7336164525 24.8708896262 24.9045051035 24.8721346496 24.8598915929 24.9381335681 25.069664409 25.1535633628 25.0968257462 24.9123761518 24.706729833 24.5668597301 24.5012738214 24.4568564051 24.4089730418 24.3573263853 24.2798040673 24.1444318663 23.9733912445 23.8564055624 23.8545442188 23.9473058025 24.0445329768 24.0543472642 23.9147415303 23.6723915137
24.5576629903 24.5636867051 24.3875672517 24.1566545628 24.007751256 24.0196150923 24.1585226216 24.3133102729 24.3725571867 24.3497735364 24.3300608349 24.3995948867 24.5777854666 24.822432929 25.0504317108 25.1981533738 25.221738154 25.1030405879 24.8391407694 24.5073505442 24.2322570316 24.1247488042 24.1960999005 24.3797261721 24.589871179 24.7516222838 24.8466812724 24.8932645309 24.9439196227 25.0188611839 25.0931660578 25.0915878584 24.9847953342 24.8061313211 24.6386961115 24.5523402814 24.5454840033 24.5764495449 24.617139244 24.6387360953 24.5923250425 24.448149884 24.2626474533 24.1522115661 24.1772902662 24.272279056 24.321677093 24.2316491459 23.9824808611 23.6545010056
24.4837306612 24.5391117948 24.4314936847 24.2749370053 24.1839640805 24.2157671127 24.3586294868 24.5167524522 24.5985123966 24.5702714306 24.4958265339 24.4672834664 24.5708755153 24.8106715921 25.1058224953 25.3272547302 25.3780952565 25.2081884409 24.8519918286 24.4306790929 24.1234878421 24.0292200566 24.1108882031 24.2705854815 24.439390304 24.6061327514 24.7560637686 24.8826448949 24.9700284762 25.019095779 25.0070596768 24.9362234284 24.8274647873 24.7187305291 24.6359695762 24.5953100563 24.6073581917 24.6848648412 24.8109322689 24.9171282151 24.9018042531 24.7371207548 24.5340633304 24.4457145964 24.5140708651 24.6334632948 24.6528284286 24.4805135142 24.1503562202 23.7887387624
24.4426364553 24.5214057458 24.4416937701 24.3278307942 24.2632524248 24.3051166819 24.4493990558 24.644473451 24.7878846424 24.8146593495 24.7237485346 24.6066105088 24.5819017103 24.7332106381 25.0125205039 25.2781747587 25.3769046368 25.2324144277 24.877385689 24.4625880786 24.1738611767 24.0992108691 24.1733573043 24.2759247298 24.3723455431 24.4943615895 24.6555998117 24.8018162199 24.8881393135 24.8866353069 24.8268466886 24.7536948199 24.7079055217 24.6879854214 24.6623056323 24.6210423149 24.6186977313 24.7191917661 24.9197704939 25.0911251082 25.0860761466 24.8986755555 24.688659519 24.6341390621 24.7508243829 24.9053566307 24.9163897045 24.7073184718 24.3298578436 23.9446116064
24.4949767866 24.558635884 24.4610187621 24.3195238742 24.2314728726 24.2524741865 24.4107295599 24.6446044824 24.8589243787 24.9489439016 24.8816919352 24.7025584778 24.5501800742 24.5567025852 24.7496049594 25.0054528108 25.1522967063 25.0918480226 24.8482866304 24.5498201078 24.3478378208 24.3068785877 24.3548570853 24.3949922326 24.4150809664 24.4773275784 24.5881402527 24.686213693 24.704450118 24.6575955078 24.6082858469 24.6199336995 24.6840701651 24.7328787802 24.7094435319 24.6346962796 24.6101585054 24.7404600937 24.9831547759 25.1625012098 25.1255835912 24.9080023442 24.7035010677 24.6672526988 24.8077573183 24.9691058834 24.9860844806 24.781203109 24.4310137756 24.0711899933
24.6851084896 24.7172172554 24.565637543 24.3490062273 24.1745983693 24.1424571281 24.2776823817 24.5344246403 24.7832974146 24.9195073611 24.8798510829 24.6891575868 24.4489547974 24.3221878441 24.3978482872 24.5993096465 24.7701908475 24.8157208152 24.7500097168 24.6459729388 24.5814943893 24.5732994874 24.5828271798 24.5633047979 24.5409497731 24.5584597372 24.6011194566 24.5900780959 24.5060920239 24.4171172556 24.423256671 24.5533288271 24.7315386584 24.8346802483 24.8028661186 24.7045094708 24.6897301476 24.8377427172 25.067069234 25.1876748363 25.0890666037 24.8504119764 24.6503809938 24.6113550566 24.7066596501 24.8199445559 24.8145361666 24.6619261076 24.4247648173 24.2036034312
25.0005916566 25.0220275559 24.8433470177 24.5542132444 24.2842870164 24.1453293789 24.2007625233 24.4021396514 24.639204861 24.783665888 24.7730450017 24.5942309309 24.32339813 24.1135779592 24.0923419236 24.2352533979 24.4110959902 24.5463117199 24.6486696889 24.7368656582 24.7915646009 24.7974860667 24.7563285131 24.7059733317 24.6831849315 24.6966778515 24.6785463045 24.5698222226 24.3953706502 24.2783755066 24.328181789 24.5405939209 24.7925955822 24.9395527279 24.9361338803 24.8769513361 24.8957267563 25.0301527444 25.181202354 25.2004768409 25.044749514 24.8093800191 24.6302679061 24.5660850025 24.5785791924 24.5773934599 24.5168178353 24.4166946219 24.3570784712 24.3743595739
25.3644838701 25.4494806279 25.3179635256 25.0372695708 24.7100691187 24.4553414918 24.3541618283 24.4195680308 24.5767576426 24.7142091181 24.7244963127 24.5660717986 24.2868224905 24.0401396875 23.9678061311 24.0749235588 24.2599820136 24.4452408396 24.6386265388 24.8196636644 24.9178225891 24.8968020285 24.8154802183 24.7635222673 24.7831502831 24.8198388071 24.791801965 24.64604464 24.4392021133 24.3078516864 24.3607644878 24.5804174829 24.8413881707 25.009802864 25.0652860844 25.0896242684 25.153847016 25.2498300395 25.2881802565 25.2002073768 25.0043068859 24.7982408101 24.6558997176 24.5803091478 24.5124064383 24.3978736811 24.2523487497 24.1825575083 24.2797186942 24.5193982243
25.721717747 25.935095437 25.9474405734 25.7706408373 25.4649734048 25.1205769737 24.8431399718 24.7271838313 24.7812793744 24.8976314974 24.9206206188 24.755432835 24.4586482691 24.1922525906 24.1081753696 24.2183758184 24.4066632059 24.5920549412 24.7615078253 24.9094443278 24.9712124095 24.9090614323 24.7990987761 24.7554801533 24.8078651089 24.8935239975 24.9022270458 24.7854155576 24.5965077522 24.4657891125 24.493166953 24.6723516555 24.8889281014 25.0450858787 25.1380404432 25.2200646483 25.3177521251 25.3764043268 25.3289790203 25.1609802683 24.9469786156 24.7686877425 24.6653396072 24.6015493303 24.5021549636 24.3217942001 24.1262633234 24.0693625178 24.257369261 24.6154132087
26.0648259512 26.424062001 26.6221407675 26.6119549267 26.3860701227 25.9987615218 25.596032189 25.3471175769 25.3258685629 25.4148711347 25.4067358215 25.1908057679 24.8430876964 24.5716891478 24.5225578021 24.6574470092 24.8349360242 24.9421875765 24.9965828429 25.0377873047 25.0440088229 24.9740843206 24.8489445639 24.7727544425 24.8163921944 24.9216464233 24.9738613009 24.8998457421 24.7439007068 24.623069025 24.6370688233 24.7739144555 24.9406191894 25.0546249465 25.1171419688 25.185646394 25.2642591604 25.2994213263 25.2245068282 25.0451023206 24.8312363568 24.6702009599 24.5887482975 24.5517836833 24.4790654249 24.3251473508 24.1606295918 24.1444887515 24.3766111088 24.7600863919
26.4071755194 26.8580424088 27.1961984871 27.3383195476 27.2038133878 26.8344377574 26.4017484374 26.1245197514 26.0746054555 26.1238222088 26.0400821142 25.7286374124 25.3322771495 25.086581941 25.0991360176 25.2727069695 25.3983833452 25.3833412733 25.2862719864 25.2211252972 25.215356848 25.1802217053 25.0627732647 24.9330170377 24.8994187444 24.9615661559 24.9981749346 24.9307918976 24.7892929535 24.6866867158 24.7060114318 24.8335160099 24.9659666947 25.0231606016 25.010920949 24.9873146451 24.9910960195 24.9927325129 24.9446333618 24.8176985343 24.6405530414 24.4855850872 24.4119547185 24.4070458833 24.4129550234 24.381860883 24.3470668831 24.42004816 24.6687255832 25.0139772184
26.7201227732 27.1609668198 27.5339788561 27.7411175771 27.6899478476 27.3959629091 27.0380019385 26.8080845147 26.7646642487 26.74910847 26.5716350327 26.1926397391 25.7924928087 25.5996682844 25.6802438021 25.8566161813 25.9161596682 25.7832180406 25.5714732274 25.4470008792 25.4492298113 25.4719142355 25.3937701707 25.2340859913 25.1075162264 25.0519969615 25.0033566784 24.8895388207 24.743064856 24.6548600447 24.6928256757 24.8149955353 24.9240792245 24.9329054321 24.8436574134 24.716158705 24.6111932734 24.5661467647 24.559768233 24.5207456114 24.4109062425 24.2742689383 24.1946705174 24.2213086483 24.3301274537 24.4714537223 24.6202582175 24.8012572225 25.0328103163 25.2815969288
26.9216651433 27.2854271739 27.5843185407 27.770725211 27.7732104636 27.5989504557 27.3736118997 27.2405096279 27.1930002507 27.1104273736 26.8604577348 26.4755446049 26.1348326206 26.0266461389 26.1348015339 26.2823788697 26.2716675074 26.0748398677 25.821928704 25.6681437422 25.6659865867 25.7203429064 25.6955309454 25.5545316877 25.3614519316 25.1756809621 24.9923890015 24.8074199247 24.647284888 24.5787019607 24.6152414125 24.7165036609 24.7880381698 24.7708889072 24.6494506674 24.4607780706 24.2827873527 24.1941850229 24.2076688388 24.2508284294 24.223948587 24.1247189629 24.045466275 24.0839060315 24.2697273218 24.5485109269 24.8485871756 25.1067376159 25.291019459 25.3954591953
26.9544939846 27.2456042786 27.4375885392 27.5507052188 27.5697041138 27.5097803373 27.4319241954 27.3913607015 27.3529963656 27.2131231382 26.9287167439 26.5738265815 26.3363805851 26.3166879593 26.4466500299 26.5353335912 26.4714111877 26.2678640724 26.028401371 25.8627438035 25.8259905288 25.8676619776 25.8717904605 25.7634106743 25.5438245151 25.2554515847 24.9540345279 24.6911147077 24.5258595172 24.4665352694 24.4899422291 24.5358961941 24.5650942356 24.5427242401 24.4460093773 24.2787013067 24.091768466 23.9766313776 23.9872408513 24.0690940455 24.1231663289 24.0900516948 24.029244362 24.0592133506 24.2487255452 24.5656894824 24.9115686992 25.1903134019 25.3293100008 25.3295793544
26.8221583321 27.099122091 27.2275887577 27.2710596904 27.2825567943 27.2868802661 27.3134038274 27.3464419941 27.3264612284 27.1732831246 26.8713965822 26.5534589975 26.4032902427 26.4807336944 26.6273402555 26.6717318231 26.5715985347 26.3925648534 26.1941045387 26.0406006441 25.9699987792 25.9623144872 25.9436882787 25.8334667893 25.5967848999 25.256995957 24.8825444244 24.5725514135 24.3863474478 24.3226206392 24.3105162481 24.2999649294 24.2876476313 24.2835163052 24.2610760059 24.1692240056 24.019675815 23.8945487611 23.8793038394 23.977699384 24.0979852246 24.1544396004 24.1403210891 24.1489644545 24.2674779013 24.504319226 24.7895055582 25.0293235639 25.1553344876 25.1547557867
