travaux_groupes/kilucrue/mnt2.asc
NCOLS 101
NROWS 101
XLLCORNER 0
YLLCORNER 0
CELLSIZE 1
NODATA_VALUE NaN
[rows 0 to 22 of 101, columns 0 to 50 of 101]
28.298824567 27.7709911017 27.4224386964 27.4181741957 27.7689137211 27.9172598549 27.6432445576 27.1547487668 26.9368225059 26.8282422531 26.8833128372 26.8688166906 26.8780642351 27.1571187111 27.5428934592 27.5015041578 26.8370655361 26.0530769897 25.4382006605 25.3403624068 25.8585923987 26.4037876362 26.6715366478 26.9423495134 27.1663547831 26.800125507 26.081171415 25.4300618383 25.0311233929 25.1340045609 25.7289799997 26.6941845908 27.2957003311 27.5067724613 27.5525158765 27.1236291536 26.292141227 25.7719910797 25.8041283914 26.331672923 27.0123891658 26.9062036101 25.6979148168 20 20 20 24.8361615444 26.6428751765 27.7936853463 27.8366005573 27.2587403757
27.8725904488 27.6546096618 27.4708877202 27.5419521244 27.6846140116 27.6599232636 27.3673731633 27.0331423951 26.8299704153 26.8346117685 26.8796112595 26.9260839012 27.0026415451 27.1755219073 27.3224359394 27.1906188215 26.7196804251 26.0814950645 25.6429130825 25.644596253 26.0235970555 26.5032053951 26.8766868151 27.1298926818 27.1793843494 26.9126876123 26.3285821223 25.6770012953 25.2417642388 25.200405113 25.6454461835 26.326465839 26.9687043822 27.3726472751 27.4512592345 27.1379565228 26.5572679154 26.0606157838 25.9999089845 26.3794146999 26.7576833173 26.5465681258 25.4734890421 20 20 20 24.8778831733 26.4515298464 27.4814264849 27.6614048257 27.2495160387
27.379747734 27.2959905729 27.3518248401 27.4807555276 27.5150694773 27.3171102344 26.9826902413 26.6979218593 26.6096444358 26.6778328552 26.81488311 26.9209135147 27.0029224793 27.0512645152 27.0238958024 26.8574633712 26.5189775838 26.1334644874 25.9128064279 26.012565864 26.3755127064 26.8051335585 27.149570964 27.3444759672 27.3709339728 27.168244551 26.7221418063 26.1128218787 25.5466437064 25.2762602845 25.41902595 25.9223302076 26.571060708 27.1445963981 27.4275878238 27.3029718136 26.8497930808 26.3776964409 26.2245472291 26.4450037815 26.6732837267 26.3773789872 25.3747472944 20 20 20 24.8198530008 26.2836074143 27.2938047821 27.5518790107 27.2546406792
26.6031529428 26.7626908481 27.0114805765 27.20725469 27.1717867198 26.8905075415 26.5231979536 26.2810165192 26.2373958332 26.3633360327 26.5582226878 26.7422983782 26.8315058107 26.8074255342 26.6965402776 26.536729378 26.3731928158 26.2527641004 26.2773993216 26.4948347026 26.8389627383 27.1703592622 27.3875756599 27.4920636423 27.5140929193 27.4461479683 27.1851021263 26.6621831921 25.9883325224 25.4291047937 25.2567226639 25.5545706644 26.1951286824 26.9037275852 27.3882575439 27.4380589193 27.0831648633 26.6320825024 26.4534943515 26.6156606726 26.7711508941 26.425198102 25.4197905254 20 20 20 24.7173417957 26.1127089769 27.1371996582 27.4777551404 27.2706179151
25.8280583819 26.1780151651 26.5692750274 26.7909788652 26.7254753366 26.412770838 26.0544688555 25.827042511 25.7971187831 25.9319697517 26.1793080045 26.4358364182 26.5914293698 26.5903347192 26.487685717 26.3911128179 26.3669967665 26.4599947372 26.6693845024 26.9689360989 27.2659884663 27.4457103376 27.4798201506 27.4558444178 27.5042790985 27.6045772716 27.5553303725 27.1542529409 26.4201017606 25.6481344973 25.2072339882 25.3155518809 25.9021486835 26.6729575947 27.259804677 27.4110054818 27.1392386425 26.7584164314 26.6321757501 26.8170842864 26.9556061378 26.5821553939 25.5462661179 20 20 20 24.6373072228 25.9571068013 26.9541590044 27.3467161586 27.2202754108
25.3768889906 25.787132342 26.2084811795 26.4084836851 26.3025987138 25.9860405891 25.6332623812 25.4112479731 25.3843719292 25.5422797148 25.8417278379 26.1941869247 26.4596913836 26.5590919594 26.5292416083 26.4766930182 26.5038331041 26.6509594145 26.9235383672 27.2382415049 27.4601159795 27.4902545085 27.3476446637 27.2209426248 27.2972073374 27.5407139349 27.6587280315 27.3638525944 26.6532046912 25.8167356511 25.263936777 25.2557295022 25.7643290943 26.4928508215 27.0650969108 27.2291938194 27.0278024705 26.7609205984 26.7298256785 26.9530468557 27.0969769185 26.708387611 25.6517998766 20 20 20 24.5966179456 25.8233663914 26.7529815906 27.1483975671 27.1020673832
25.3872693747 25.7434566635 26.0889448235 26.2020694919 26.038895032 25.6971938929 25.3403574724 25.1217734238 25.1079898653 25.3071059472 25.6821925241 26.1401200659 26.5379374704 26.7499568341 26.7727518108 26.7003621327 26.6498750005 26.7218309758 26.9329564017 27.1965351046 27.3499794842 27.274605215 27.0425158267 26.8698810134 26.9598772533 27.2552633152 27.4411106854 27.2316995432 26.6250683929 25.9058072757 25.4264843601 25.4112453351 25.8291777628 26.4377615646 26.9070075565 27.0411127079 26.9010256692 26.7367843244 26.7857289878 27.0345126159 27.1689128808 26.7602192728 25.6769331686 20 20 20 24.5451124067 25.7123276031 26.586821737 26.9928038197 27.0451984255
25.811446809 26.0610420671 26.2511346331 26.2272681213 25.9717785431 25.5833222403 25.2221750176 25.0070108016 25.0161411552 25.250655552 25.6917621525 26.2471323971 26.7394662038 27.0070113394 27.0085473513 26.8526426381 26.6975374107 26.6706935998 26.7999344156 26.9849828674 27.0584994499 26.9377588864 26.6899307431 26.5344991954 26.6256379254 26.8977716677 27.0821751849 26.9540389161 26.5319779049 26.0423758127 25.7490817714 25.7763821695 26.093821245 26.5327139104 26.8822923725 26.9962963199 26.9036750242 26.8057443684 26.8815828662 27.1313217766 27.2323539437 26.7704345989 25.6440780135 20 20 20 24.438306464 25.5799345604 26.4709616652 26.9420671148 27.1241310753
26.5495338747 26.6220088434 26.6002393475 26.3938899514 26.0257340291 25.6015539507 25.2352250795 25.0439988355 25.0634789563 25.3189153211 25.7856637252 26.3788417801 26.884971478 27.104640272 27.0265566581 26.8035872319 26.6334564055 26.6202779997 26.7387341218 26.8535749849 26.8305715455 26.6341661915 26.3936400595 26.2867480313 26.4157813908 26.6802710687 26.8841687699 26.8731131114 26.653577994 26.3914146728 26.2509913554 26.2877614608 26.462659027 26.7230365771 26.9703455377 27.0866152522 27.0524453823 26.9770366425 27.0511565489 27.2572450507 27.2958226363 26.7576777101 25.5747619742 20 20 20 24.2291824068 25.3580139544 26.2911386782 26.8786166423 27.2000683503
27.386373466 27.2091543088 26.9277686292 26.5375553585 26.0859905258 25.6479405684 25.313355873 25.1354161875 25.1643059747 25.4058824443 25.8731857842 26.4354769586 26.8743821599 26.9971882093 26.8375807332 26.6229711912 26.5545711343 26.6719924722 26.8585734122 26.9337367439 26.7863780208 26.4752932092 26.1973732123 26.1613469219 26.3911522449 26.7520249356 27.049850877 27.1584408772 27.0811860568 26.9366360535 26.8330151474 26.7812198757 26.7785261131 26.860593098 27.0233803508 27.1758556264 27.2130800435 27.1865567957 27.2289196444 27.354930627 27.280701441 26.6625367294 25.4416473896 20 20 20 23.9177103184 24.9756281407 25.9260723528 26.6128596183 27.067604967
27.9709822833 27.5801963753 27.0829714663 26.5684547251 26.0900090755 25.6923063428 25.3932296215 25.2278556231 25.2242569936 25.4551351871 25.898001371 26.4327773546 26.8009851675 26.8607872725 26.6857698697 26.5287178494 26.5860757401 26.845598813 27.1057424634 27.1550861481 26.9094894829 26.496293418 26.1898044861 26.2192463929 26.5988323623 27.1167859206 27.5223190104 27.6796812643 27.6221237092 27.4681818424 27.2881883427 27.0778709154 26.876700944 26.7955051198 26.9074633265 27.1252922256 27.2946454368 27.3573498601 27.3792940573 27.3622516252 27.1322853426 26.4154390322 25.1812420336 20 20 20 23.5725142098 24.5057210342 25.4051258226 26.1458650483 26.6834904675
28.0939934956 27.6627827657 27.0875952263 26.5405944392 26.1109620289 25.7744778885 25.5160995198 25.327639101 25.2911524957 25.484069046 25.9287134424 26.4521260894 26.8292416859 26.9054446677 26.7759921986 26.6689310456 26.7834571033 27.0899240806 27.3694679588 27.3973251249 27.1334546902 26.7252088951 26.4543067633 26.5537953035 27.0298395814 27.6317299153 28.0428057642 28.1349839043 27.9951870181 27.7584005563 27.4593373652 27.0909720483 26.7271339045 26.5370793844 26.6401365931 26.9690541581 27.3174367863 27.515504916 27.5164134391 27.331144037 26.8899838098 26.042422635 24.7964464585 20 20 20 23.3483964325 24.1674367007 24.9815090695 25.6952857491 26.2568464222
27.9821217501 27.6130272299 27.0639373001 26.5958315912 26.2512798184 25.9989430885 25.7653485134 25.5706068878 25.4904398116 25.6513105007 26.05728515 26.5751863776 26.9751311302 27.1305834187 27.0603825048 26.9677097392 27.0481765707 27.3117253968 27.5593163925 27.6057960269 27.416043701 27.1349849073 26.9747453374 27.1190841018 27.5585738106 28.0536839485 28.3278351144 28.2836865977 28.0394888998 27.7215650729 27.3413642903 26.8890665606 26.4645408203 26.263939929 26.4177525558 26.8730962912 27.3939462341 27.7143024951 27.6939510689 27.3423193085 26.6771004751 25.6670982452 24.3993225922 20 20 20 23.3756661167 24.1778287565 24.9194192063 25.5570305464 26.0617936702
27.9438138668 27.6007625048 27.142688052 26.7839954338 26.5689244316 26.3937342615 26.2174176162 26.0390641714 25.9560154615 26.0542072213 26.3588031693 26.766184764 27.1324605893 27.3175479084 27.2991521389 27.1958066701 27.2073495141 27.4014732769 27.6467018101 27.7582714504 27.7135704124 27.6021532803 27.5648729245 27.6907263605 27.9444972162 28.177963831 28.2272258421 28.0609166049 27.7646634503 27.4233426022 27.0379569487 26.6083036802 26.2446739913 26.1314535068 26.3961012375 26.9673047603 27.5918669764 27.9600611874 27.9000730565 27.4173902347 26.5775849936 25.4312473933 24.1327330323 20 20 20 23.6551948136 24.5383133849 25.2813827188 25.8352068285 26.2498744201
27.9706924572 27.6679647647 27.3156559489 27.0869190322 26.9681908087 26.884848198 26.775442351 26.671522306 26.6089471758 26.6457432564 26.7804977563 26.9842012353 27.1896689809 27.3152060871 27.2973440006 27.1940474105 27.1702116856 27.3407101389 27.6187002842 27.8422952149 27.9326311752 27.9513623025 27.9666970967 27.9962980986 28.0096921349 27.9532180272 27.8031165011 27.5702165245 27.2939594956 26.9901144074 26.6584669145 26.3248763342 26.0938940231 26.1278975056 26.5222364711 27.1894297009 27.844436465 28.1815968237 28.0583716052 27.5088359141 26.6003459045 25.3961863012 24.0805207943 20 20 20 24.0309548888 25.0535772035 25.8433225835 26.3740937638 26.7201995845
27.938703511 27.7381417044 27.4924395628 27.3554600066 27.3114820981 27.2732339765 27.2399986151 27.2212406381 27.2281279488 27.2263678418 27.2135161833 27.1915898273 27.1752130644 27.1520339042 27.0896980102 27.0059176153 27.0108585137 27.191511666 27.5054274221 27.7995433473 27.9748165213 28.0294376847 28.0068356938 27.9172599553 27.7498745056 27.5209019952 27.2749962501 27.0394262875 26.7987460495 26.5449964055 26.2840575594 26.0565439505 25.9637123335 26.1434451055 26.652255203 27.3652668439 27.9921890927 28.2688387807 28.1122930267 27.5761522056 26.7136784992 25.5445740598 24.2272903168 20 20 20 24.3430469169 25.4485425822 26.300885899 26.8450683679 27.1913831241
27.8544493536 27.6522869353 27.4936589002 27.4363350874 27.4248332101 27.4180702485 27.4281669355 27.5072272251 27.6048319393 27.6410838723 27.5528360404 27.3683102005 27.1529883356 26.9749992451 26.8635286908 26.8186039366 26.8707657899 27.0531698583 27.330342909 27.6029011751 27.7670971001 27.7837606067 27.686193616 27.5225832488 27.3140641562 27.0933152968 26.8875129758 26.6834989207 26.4544596627 26.2144854572 25.9990246556 25.8569623898 25.8841190624 26.1748611676 26.7379260232 27.4101360702 27.9496873472 28.1733944003 28.0495739747 27.6253456956 26.8912871487 25.8139823418 24.5140972739 20 20 20 24.4767943247 25.5880111112 26.4356044589 27.0040514027 27.4049505978
27.4219805843 27.2488835834 27.1824498553 27.205776647 27.2503474132 27.2733525737 27.3447728063 27.5096066799 27.7184672617 27.8261455268 27.7476253815 27.4871091284 27.1633140011 26.91623092 26.8053816041 26.806798739 26.8686580009 26.9844256509 27.1439105427 27.3005046802 27.3676978867 27.3093023438 27.1623857454 26.9936116708 26.8661118119 26.7929154602 26.7242396764 26.5759009129 26.3427250291 26.0896785434 25.9005762789 25.8430631142 25.9770980675 26.3383956791 26.8634321818 27.4065402416 27.7961102815 27.9633669391 27.9228004799 27.6674305395 27.1141485002 26.1544975995 24.8706061065 20 20 20 24.447795707 25.4802823655 26.277592224 26.8459720264 27.3275697642
26.5052315821 26.5043301799 26.5840280596 26.7169951269 26.8341882749 26.9346126705 27.0830989447 27.3299778496 27.6063185467 27.7837419813 27.748953332 27.5156373507 27.2202116584 27.0328388798 27.0073097386 27.048298804 27.0662475914 27.0463535422 27.0399120157 27.0307928572 26.9760399883 26.8454695258 26.6724042178 26.5335434775 26.5084295678 26.5991869079 26.6743711444 26.6056979732 26.3895343398 26.1477919921 26.0105964671 26.0564461639 26.298708676 26.6888957753 27.1291458784 27.4896601403 27.7035645113 27.7916772112 27.8075931963 27.7129866266 27.3396361739 26.5010230996 25.2479624078 20 20 20 24.3511281433 25.3064517318 26.0516063047 26.6133534955 27.1264563946
25.4552620919 25.6730657895 25.9148277748 26.1493595882 26.3494564881 26.5381291598 26.7608944121 27.0279590519 27.3018177983 27.4921037884 27.5290786341 27.4226679992 27.2969998448 27.2925550133 27.4057945211 27.5031615911 27.4527736271 27.288517277 27.0978319538 26.9377622459 26.7784009924 26.605482056 26.4231944525 26.3009640365 26.318337178 26.4709203652 26.6160983328 26.6030420664 26.438304984 26.2597215115 26.2147601197 26.3793861556 26.7220240471 27.1413506207 27.5077752473 27.7193409267 27.7734847484 27.7607851305 27.7578195077 27.7359050254 27.4876505883 26.7672820695 25.5578255323 20 20 20 24.3697705043 25.2953718125 26.0358770295 26.5677572714 27.035359298
24.80072073 25.0889020977 25.3979521858 25.6955485749 25.9675809121 26.2236100671 26.464190476 26.6682988973 26.8378322756 26.9975014856 27.1275292382 27.226854327 27.3569621856 27.5760939434 27.8461640873 27.9925003193 27.9088465321 27.6241850132 27.286035268 26.9948170482 26.7872593035 26.617040999 26.4681688589 26.3602078092 26.3675779063 26.4701442263 26.55733621 26.5280909685 26.4052590247 26.3133033687 26.3849975662 26.6590990184 27.088397559 27.5467689872 27.8859294933 28.0218975459 27.9718020306 27.8439032055 27.7564197403 27.7032934525 27.4984621405 26.8582876079 25.7181025356 20 20 20 24.6170374238 25.5944686781 26.3412433154 26.8138618022 27.1484104306
24.7079256721 24.880557941 25.1311476112 25.4348355562 25.7580213389 26.0588012828 26.2606266205 26.3255170227 26.3449688245 26.4525428247 26.6949745947 27.0184939496 27.3876054512 27.7958879957 28.1553125211 28.3317160115 28.214589933 27.8597449382 27.4154569607 27.0553922324 26.8497782331 26.7647124962 26.7081242101 26.6678783357 26.6477415936 26.6452061472 26.5920394711 26.4664828077 26.3401044828 26.3329071624 26.50843774 26.8773245454 27.3645187439 27.8443606601 28.1869038998 28.3046435996 28.2060610923 27.9896386279 27.7912737815 27.6526777278 27.4101422341 26.7909565546 25.7033116643 20 20 20 25.0284755003 26.1019372718 26.8570828239 27.2179364735 27.3786702713
24.9272061775 24.9868202466 25.1177816702 25.3701161731 25.7141149319 26.028834058 26.165515491 26.0981947686 25.9898205141 26.0678681161 26.4030930587 26.8968594426 27.4229978231 27.9063802361 28.2765562383 28.4145498452 28.2606829665 27.8568691223 27.3753541727 27.009260686 26.8711881893 26.9180607182 27.0189820754 27.0622394112 27.0258743729 26.9035181798 26.710476554 26.4866635566 26.3472159706 26.3942785711 26.6632148096 27.0923595519 27.5943126185 28.0695427694 28.4210071031 28.5654916424 28.474214976 28.2309380961 27.9668142031 27.7335619185 27.3906520514 26.6902740139 25.5846167208 20 20 20 25.3813262462 26.538332774 27.2697513836 27.5302820943 27.5470574403
