travaux_groupes/kilucrue/mnt2.asc
NCOLS 101
NROWS 101
XLLCORNER 0
YLLCORNER 0
CELLSIZE 1
NODATA_VALUE NaN
[rows 69 to 91 of 101, columns 0 to 50 of 101]
27.2470206546 27.1445751519 27.0564921809 27.2614264702 28.129212793 29.8452025329 32.282153001 35.0594115765 37.6847409439 39.7092909042 40.8767787436 41.264906198 41.2243396543 41.0971873612 41.0409008456 41.1003137566 41.2907311347 41.5808440333 41.8604208254 42.0300687213 42.094601218 42.1687241445 42.3791919726 42.6955739484 42.9152784791 42.8545903774 42.5279740152 42.065856264 41.5313922195 40.8930114422 40.101805918 39.095310502 37.7018651516 35.7830948011 33.430369167 31.0560158668 29.1277251747 27.8545693622 27.1054830308 26.5861603956 25.9993168977 25.1697581115 24.1147454352 20 20 20 23.835333378 25.0695400919 26.161193186 26.8640035218 27.1645557417
26.3652707123 26.3334279954 26.2304930544 26.2827279521 26.8377853653 28.1826643194 30.3370491233 33.0287627428 35.7759224434 38.0616578883 39.5777704854 40.3574959243 40.6896173553 40.8543045816 40.9712773099 41.0811936141 41.2331025937 41.4425715221 41.6616220526 41.8049347281 41.8463439188 41.8953480851 42.0855870422 42.3983105755 42.618408414 42.5441896172 42.1574595324 41.5666723381 40.811122449 39.8359719353 38.5754597521 37.016607071 35.2062079237 33.2276201714 31.2589008696 29.5507716134 28.300635755 27.5521515873 27.1593637842 26.8695765447 26.4329231057 25.6617991314 24.5798552555 20 20 20 24.0458470421 25.2074704132 26.2387984298 26.9378365436 27.2907009715
25.7447544886 25.8094053742 25.7918062542 25.7755351255 26.0839344045 27.0515170853 28.7752518862 31.0584519406 33.5188414038 35.7387920195 37.4454070528 38.624089005 39.430420661 40.0119014715 40.4252963465 40.6941479145 40.8773674486 41.0338980135 41.1777942825 41.2650746239 41.2788051661 41.2927425075 41.4246627997 41.6431007135 41.762467877 41.6106575239 41.1693633718 40.4770847519 39.5211539424 38.211273569 36.5273648101 34.5827102359 32.5975962292 30.7858811709 29.3029771037 28.2025319304 27.5147174844 27.205735181 27.1514786147 27.1039692997 26.7838305854 26.027083499 24.8892387693 20 20 20 24.2131815066 25.2986931112 26.2532932199 26.9702976709 27.4229438121
25.3414557299 25.4845342815 25.560958797 25.5610530419 25.7494347708 26.4317154095 27.6940693335 29.3861753345 31.2573927794 33.079007274 34.7152312456 36.131504056 37.3389363619 38.3319009029 39.0809853002 39.5863507437 39.8928550464 40.0808671726 40.1978493904 40.2434340981 40.2082694584 40.1669994149 40.1975214444 40.2589554821 40.1964688815 39.9065671181 39.3911218017 38.6548123361 37.5874439039 36.0968992264 34.2256392007 32.2215140122 30.3737418637 28.9096940219 27.8605217817 27.1755525599 26.8046041007 26.7645660862 26.9491478113 27.0788099617 26.8346294561 26.0580465199 24.8826869325 20 20 20 24.2075739846 25.2554488088 26.2055194181 26.9726453995 27.5256534855
25.1643332639 25.3397687764 25.4599711623 25.5195788675 25.6927873619 26.1980238875 27.0752273188 28.1968743897 29.4216653434 30.6917809193 32.0079696539 33.3736751096 34.7290349113 35.9419843511 36.9105128112 37.5979881297 38.0428576185 38.3291043098 38.501810931 38.5311107612 38.4283400095 38.2844764755 38.1924423259 38.1090545673 37.8934562632 37.4867587152 36.9305328191 36.2026246012 35.1848492098 33.7722225359 32.073969773 30.3353923907 28.8446674126 27.7394346327 27.0054494227 26.5226847492 26.2833808956 26.3218081796 26.5665456168 26.7359980692 26.5041421005 25.7311558843 24.5796136821 20 20 20 24.0694486392 25.1613883768 26.1866374951 27.028796822 27.6280405838
25.23129009 25.3323533058 25.4616607963 25.5904248696 25.8062034342 26.2201579655 26.8340897484 27.5337512444 28.2487623663 29.010011744 29.9154679814 31.0097420957 32.2070995457 33.3447351488 34.2716582329 34.9491867583 35.4434981053 35.8313679722 36.0967701507 36.1493277934 35.9717949735 35.7145898953 35.5192949289 35.3628275204 35.1151902746 34.7119809648 34.1992084219 33.585416181 32.7567453667 31.6550833604 30.3569491383 29.061329331 27.9484117013 27.1338150371 26.5900710627 26.2422807936 26.0487314629 26.0479286084 26.1863843896 26.2578808554 25.992998282 25.254160963 24.184648523 20 20 20 23.9858366088 25.1881480501 26.326461747 27.2136029975 27.7925564972
25.3535197039 25.4149463568 25.5662041183 25.7725011716 26.0544673877 26.4383167261 26.8776476104 27.2934761592 27.6555187885 28.0619045858 28.6442443403 29.4368722249 30.3277830165 31.1462138354 31.7828640293 32.2520481566 32.670161359 33.0983300946 33.4346749264 33.5073672036 33.295363212 32.9677679483 32.7194893368 32.5652702641 32.3869746116 32.1116377067 31.7690820686 31.36060839 30.8069932946 30.0474673664 29.1538761025 28.241721534 27.4364042206 26.8366022894 26.4697695142 26.2620584011 26.1305909253 26.0476819179 26.0165569009 25.935671486 25.6156985166 24.9150288733 23.9215245038 20 20 20 24.1149328714 25.4332171233 26.64168764 27.5160280803 28.0290283226
25.4345643183 25.5641201172 25.7879705736 26.0952484902 26.4500161293 26.8124861009 27.1157893678 27.3047864254 27.4257650679 27.6250394752 28.0396727124 28.6298643496 29.227333251 29.6740786911 29.9431178863 30.1441298045 30.4238667017 30.8159151794 31.1455819864 31.2103141133 30.9929878968 30.6680299966 30.4197851133 30.3043923068 30.2334084544 30.1362035921 30.0098467543 29.8386364566 29.5197649233 29.0073103299 28.3662129092 27.7056755578 27.1265496735 26.7258267635 26.5444788875 26.4944523597 26.4271319812 26.2911418785 26.1206636227 25.916979187 25.5449428384 24.8525883604 23.8912851461 20 20 20 24.4346448186 25.8213744068 27.0235552321 27.842330835 28.2965024021
25.5882067575 25.7939706156 26.1313161931 26.532430783 26.9337521571 27.2511618301 27.4202158501 27.4357441451 27.4008006828 27.495652237 27.8113675038 28.2636782973 28.6391814369 28.8110053393 28.8261906557 28.8445520028 29.0158690448 29.3105184906 29.5503431692 29.5680397622 29.3645409918 29.0855364602 28.895954749 28.8452700793 28.8759137784 28.9104436548 28.9429225535 28.9171589994 28.7369594611 28.361255855 27.8713781972 27.3903995489 27.0038213417 26.7830297872 26.7467719767 26.7926041937 26.7728949204 26.6230607684 26.4012197255 26.1331198522 25.7198802814 25.0037911889 24.0189496771 20 20 20 24.7744457494 26.1666186225 27.3220398283 28.0856684719 28.5087414196
25.8638457298 26.1364818462 26.5222147795 26.9593949727 27.3403765849 27.5783371299 27.6458697239 27.5852400894 27.5068748747 27.5341836932 27.7262100305 27.9951206717 28.18700297 28.2160554718 28.1458798187 28.1338854251 28.2401115864 28.4141661937 28.5231588458 28.4798237187 28.3035488964 28.1158126365 28.0321728034 28.0755566229 28.1733221727 28.2659294429 28.3222610363 28.316915116 28.1827209396 27.9060304386 27.5718020023 27.2768833253 27.0728097207 26.9748968836 26.9694059796 27.0031675286 26.984635887 26.8721713202 26.6733696686 26.3977961102 25.9468938245 25.1747637706 24.1438050743 20 20 20 24.949057152 26.3240519833 27.422160447 28.137835958 28.5297753815
26.2964135617 26.4925884605 26.8578643449 27.2349015068 27.5145954118 27.6503844766 27.6700066867 27.6499466627 27.6306364409 27.6258031841 27.6407128495 27.6652431474 27.6668513124 27.6330207754 27.6152872581 27.6447913464 27.7305676233 27.8045703353 27.8157684454 27.7457442096 27.6359018521 27.5653459224 27.5994278015 27.7230498358 27.8502052228 27.9150349258 27.9081625727 27.8317325809 27.694310244 27.5276740753 27.3803517235 27.2905536477 27.2400255013 27.1905704641 27.1213733548 27.041037903 26.978149703 26.9067995233 26.7750455299 26.514064868 26.0229239464 25.1986990731 24.1263620143 20 20 20 24.9010839538 26.2464862088 27.292243693 27.9347682436 28.241429585
26.5990586412 26.7853315443 27.0752454145 27.3209755254 27.4448517218 27.4576356568 27.4576429114 27.5245945717 27.6179344041 27.6265234916 27.4947179979 27.2834768595 27.1060129287 27.0492946194 27.094831457 27.1930657557 27.2706001444 27.3137802425 27.3199090308 27.3097363472 27.3017545632 27.3315607256 27.442785595 27.5895271485 27.6873639224 27.6825559779 27.5762111005 27.4070249664 27.2521231041 27.177039018 27.2017721409 27.2742909672 27.3308603082 27.3035034015 27.1638708145 26.9684824145 26.8197797098 26.749128382 26.6540910078 26.4055602607 25.8842101879 25.0262887535 23.9536366413 20 20 20 24.6889781784 25.9981077315 26.9883158788 27.5365037557 27.7049088595
26.8202786477 27.007916084 27.2021494472 27.2906303703 27.2403504615 27.1194027396 27.0728698976 27.1792201633 27.3597005922 27.4165553318 27.2418660064 26.9124059565 26.6387216117 26.5578661132 26.6511406376 26.7742245783 26.8569440086 26.9149566182 27.0115872252 27.1309806573 27.2292725447 27.3288109382 27.4465369912 27.5607950856 27.5954297111 27.5062964877 27.3030868965 27.059544701 26.8780970404 26.8464492361 26.943691473 27.0874308114 27.1990190643 27.2261271252 27.1204118836 26.9089693744 26.7055733438 26.573297873 26.451311202 26.1846796563 25.6436946533 24.7809004385 23.7371738767 20 20 20 24.4263986144 25.694619884 26.6445975593 27.1130090992 27.1448370132
27.1850652064 27.294516309 27.3399872464 27.2639176321 27.051250361 26.799081795 26.6493614682 26.704197225 26.8749582189 26.9725237783 26.8504390636 26.5696593821 26.3300752238 26.2913705839 26.40122143 26.5117766208 26.5500324472 26.62406231 26.8108565108 27.0529891401 27.2545640005 27.3835615507 27.4813088066 27.5386161373 27.514506056 27.36673484 27.1090258139 26.8149942426 26.6079765518 26.5555399386 26.6223369599 26.733561473 26.8576053299 26.9778789692 27.0293594864 26.9548593795 26.7821662141 26.5871560816 26.3661171194 26.0397757521 25.4888142296 24.651937767 23.6450847657 20 20 20 24.2215575492 25.4489772853 26.3774593481 26.8159480025 26.7879324582
27.8019186032 27.7538185834 27.6063654709 27.3550691995 27.0060526241 26.6192125597 26.34663625 26.2634814846 26.3410372626 26.4230408848 26.3896974274 26.2668152919 26.2140407591 26.3068878232 26.4486605636 26.4812353174 26.4273912463 26.4401315777 26.6327533594 26.9404225632 27.2032836887 27.3592675281 27.4296460849 27.4543748841 27.4184689749 27.2854209181 27.0340946427 26.7287816615 26.491452137 26.3858376049 26.3710430335 26.3918546208 26.4896969365 26.6995436999 26.9553368913 27.104242009 27.0539370278 26.82225197 26.4811014422 26.0603756389 25.5087046414 24.7285747926 23.7590800135 20 20 20 24.1267917544 25.3089219624 26.2277196368 26.6884848266 26.7025004252
28.5148014187 28.2732523632 27.9762562507 27.6026482929 27.1275076359 26.6360882514 26.2347963638 26.0225076 25.9814564332 26.0196810061 26.056105862 26.128278249 26.3168677279 26.5878903567 26.7523636605 26.6937290907 26.4960236342 26.3875568911 26.5023329231 26.7756320858 27.0528771881 27.2127642746 27.2737143506 27.3097484395 27.3482296213 27.3174763987 27.1377338828 26.8493804951 26.5887618888 26.434984958 26.3390646343 26.2741609048 26.3161840397 26.5711958675 26.975192919 27.3185604459 27.3946825296 27.1536078105 26.7047332086 26.1937667445 25.6416096482 24.9304321304 24.0081815962 20 20 20 24.1472319763 25.2885486384 26.1943784762 26.6928792592 26.8311838964
28.8397077453 28.5887342908 28.29977776 27.8825902011 27.3507639694 26.7767384256 26.303058412 26.0186505697 25.924786787 25.9498567918 26.0480483141 26.2635248123 26.6240133456 27.0038058186 27.1793497504 27.0366106325 26.7229803075 26.4883774261 26.476489868 26.6513122151 26.8574888311 26.9833185854 27.0312263712 27.1194671719 27.3004011521 27.4457124192 27.4004293129 27.1692565574 26.9092756338 26.7228798014 26.5829090337 26.4574731707 26.4548203999 26.6983065539 27.1494657992 27.5644122229 27.6890563099 27.4246641474 26.8955983641 26.3177008342 25.7732619439 25.1199999051 24.2570074362 20 20 20 24.2955100151 25.4140121324 26.2876655065 26.8110276117 27.0938690953
28.6805068712 28.6357015732 28.4296718737 28.0714244668 27.5529231193 26.9727027315 26.4858998087 26.209193921 26.1401843355 26.1975475324 26.3391679975 26.5925687583 26.9817877036 27.3738070196 27.5384364314 27.3754468527 27.0176489816 26.7054782166 26.5767630999 26.6122952159 26.6985369252 26.716566683 26.7077659291 26.8368749627 27.1651882539 27.5308688007 27.6906888439 27.5911971989 27.3761325219 27.1841423692 27.0131666719 26.8638549045 26.8420277272 27.0618425312 27.4667256518 27.8300236896 27.8914303453 27.5612653955 26.9716662419 26.3677885177 25.8392890076 25.2408306226 24.4129313637 20 20 20 24.5548425689 25.6676984131 26.5053033708 27.023050281 27.3972643649
28.5763231843 28.546380886 28.4121776495 28.1337124434 27.6958069238 27.1837010678 26.758669635 26.5324649378 26.4972708632 26.572054973 26.6929223525 26.8929085141 27.2017846293 27.5435595582 27.7200684074 27.6055203766 27.2871752161 26.9582481604 26.7516803551 26.6688101157 26.6009620694 26.4643591393 26.3444376101 26.4538222204 26.8877277663 27.460743017 27.876014183 27.9839311136 27.8746415084 27.6854670117 27.4822843026 27.3147309564 27.2975490494 27.4994100671 27.8267584201 28.0621018317 27.9990463659 27.5762729456 26.9499388959 26.3501279603 25.8528570066 25.2723140614 24.453290803 20 20 20 24.812617692 25.9311529068 26.7402293845 27.2350525416 27.6177373409
28.5567683827 28.491301309 28.3815182738 28.1368635997 27.7709557308 27.3638444877 27.0451239574 26.879135333 26.837473438 26.864164044 26.9291365739 27.0386841732 27.2510964976 27.5320754494 27.7318436137 27.7084038 27.472512437 27.1735902023 26.9351571269 26.7594419796 26.5487835006 26.2657802441 26.0444741848 26.1205461145 26.5953523936 27.3126725401 27.9431129723 28.269252078 28.2820974222 28.0979304039 27.8387617633 27.6427536491 27.6316232313 27.8187636555 28.0652280467 28.1654951535 27.9798929368 27.5034414496 26.8752242033 26.2949595742 25.7990864535 25.1946660237 24.3556213382 20 20 20 24.9220746337 26.0564948356 26.8556842977 27.3260064008 27.6621584737
28.4931953129 28.5146383576 28.3921150226 28.1328079521 27.7616446318 27.4170552838 27.1886858889 27.0702986697 27.0168429655 27.0089491783 27.0405002048 27.1197731753 27.261954574 27.4789881428 27.6737389467 27.7070561575 27.5525064674 27.2965741838 27.0453579936 26.7948635584 26.4943009176 26.1530839883 25.9256270219 26.0137894419 26.5112190436 27.2673983651 27.9970626326 28.4396015877 28.5160037672 28.3011987024 27.9780324696 27.7561933785 27.7596334433 27.9306276787 28.0837003557 28.0558306507 27.797263529 27.3352287941 26.7643965807 26.2030203461 25.6542089356 24.9802342248 24.1194209723 20 20 20 24.8538282233 26.0216798538 26.849468562 27.308662593 27.5516192453
28.5448524587 28.5158203661 28.4233735751 28.1077909446 27.6790668157 27.3121047325 27.1036859288 27.0148140499 26.9922873822 27.0273072815 27.1172432487 27.2222968434 27.3343940204 27.470394346 27.6046385121 27.639726687 27.5115388229 27.2787518883 27.0064105877 26.7253199502 26.4262972347 26.1534754861 26.0272653211 26.1999400921 26.7075544358 27.4338852134 28.1212632412 28.5345068697 28.5517137803 28.2494181741 27.8685228056 27.6655645493 27.7225573833 27.8861879279 27.9277385303 27.7722878177 27.4700737567 27.0785282293 26.6097569373 26.0672965286 25.4373391399 24.6648111652 23.7802578581 20 20 20 24.7266350011 25.9572681622 26.8528945801 27.3141131527 27.4378942156
28.4392452103 28.5083075608 28.410340309 28.0688378175 27.5839910495 27.1678486537 26.9194151251 26.8253223132 26.8457931854 26.971189007 27.1473928993 27.3016930009 27.3968003524 27.4671099959 27.5305296251 27.5188697263 27.3758538132 27.1166513578 26.8293774026 26.5741246221 26.3750030982 26.2600660671 26.2983860202 26.5640861656 27.0786595439 27.7233568758 28.294748224 28.5655745817 28.4367539216 28.0172771281 27.5986565741 27.4573446569 27.6045091223 27.7841500051 27.7503845127 27.4826637185 27.1385345498 26.8023486011 26.4174619389 25.8957334275 25.1995436366 24.3378356497 23.423290698 20 20 20 24.6683320939 25.9755185632 26.9397469244 27.4038561942 27.4360441139
