travaux_groupes/kilucrue/mnt2.asc
NCOLS 101
NROWS 101
XLLCORNER 0
YLLCORNER 0
CELLSIZE 1
NODATA_VALUE NaN
[rows 46 to 68 of 101, columns 0 to 50 of 101]
40.5147106112 40.751243599 41.2416730941 41.6958641805 41.8861973722 41.7703109709 41.5023388109 41.2735222587 41.1593018498 41.1238314551 41.1317501516 41.1979767452 41.301097888 41.3953679062 41.4335800382 41.4554346333 41.5344639401 41.7081695874 41.9654926606 42.282440287 42.6539195711 43.0177950907 43.2633519906 43.2596219852 42.9793314316 42.5275698415 42.0513670906 41.6532099947 41.3108357117 40.9304637183 40.4170646186 39.7004425894 38.6750442534 37.2521178236 35.403038238 33.2933806501 31.2576641993 29.6461191771 28.5885194237 27.9432373524 27.3716445188 26.5333221971 25.3419952785 20 20 20 24.7504278642 25.7798487243 26.4656920417 26.7822946773 26.9352356493
40.0913170499 40.5427488814 41.1257158627 41.6588453679 41.9144822386 41.8420996287 41.6175101839 41.4701965443 41.4740550284 41.5456274003 41.5956997527 41.5938369941 41.5590889295 41.4958956312 41.4489498794 41.4724235452 41.5959641446 41.8065986554 42.0667292878 42.3682558779 42.7103619724 43.053755144 43.2805657898 43.2991322793 43.1089594041 42.7841679143 42.4163773957 42.0501384736 41.7023826102 41.3632866308 40.9906689076 40.5005190707 39.7860426445 38.6622237344 36.9780376073 34.7500556853 32.3352316863 30.2411358128 28.8173114141 28.0219543786 27.4885872717 26.7466638518 25.6029961254 20 20 20 24.8464249264 25.8150517708 26.4158468713 26.6188077572 26.6748575925
40.1766382495 40.6841617618 41.2960875059 41.8324955138 42.0825501311 41.9807923022 41.7041482291 41.5195699547 41.5484764486 41.7079154599 41.8503872093 41.8963190507 41.8313725132 41.7127758571 41.6325924989 41.6581820745 41.7810551114 41.9509731961 42.1411241197 42.3792450845 42.6910033017 43.0181065121 43.2462831574 43.2877331269 43.1551817842 42.923678488 42.62886511 42.2892630695 41.9444127891 41.6358705757 41.3591941397 41.0507238346 40.5771171367 39.7437344617 38.2667904799 36.0553706727 33.4074702727 30.9561854838 29.2044924858 28.2267723531 27.6358355431 26.9021198207 25.7610533236 20 20 20 24.8510836114 25.7641757152 26.2967368537 26.4420855761 26.4464774477
40.9481328755 41.286305867 41.7653399742 42.1868072332 42.3389725882 42.1501531664 41.7756447474 41.4994307151 41.4884316004 41.6983266423 41.9572009017 42.1051364096 42.0754322831 41.9341185136 41.8236206814 41.8361552499 41.9452049671 42.0462147169 42.1237926027 42.2610992011 42.5135393273 42.8234764248 43.0654336163 43.1505919463 43.0851926272 42.9292612992 42.7107375512 42.4268714087 42.1096938586 41.8314083554 41.6273846275 41.450149328 41.1869700037 40.5776232664 39.3012685402 37.1730387288 34.4785157389 31.8481520981 29.8645874893 28.6506322248 27.8770690966 27.0175870035 25.8148968223 20 20 20 24.7944131962 25.6617495061 26.18159166 26.3352650399 26.3643883096
41.9287381333 42.0347969454 42.3097641274 42.5280467065 42.5352957375 42.273916049 41.8720282015 41.5690997608 41.544624725 41.7799131 42.1121071882 42.3268197953 42.3023064163 42.098616763 41.9137007316 41.8985653325 41.9991643611 42.0730696197 42.0682036916 42.0855134813 42.2273670022 42.483228893 42.7430678564 42.9015675766 42.9406703147 42.8816240129 42.7388868684 42.5025605774 42.2086146852 41.9445820566 41.7842785421 41.7388586623 41.6601105055 41.2606165368 40.1621845806 38.2064389666 35.6200019742 32.9820560196 30.8229586189 29.3183856243 28.2290268583 27.1425015981 25.8199331633 20 20 20 24.7138053714 25.5934965116 26.1442919745 26.3687264093 26.4872159078
42.5644845037 42.6205478891 42.6837171169 42.6942147414 42.5744773052 42.3173811749 42.0022290121 41.8029175135 41.8425647449 42.111991258 42.4540157288 42.649579552 42.5481436307 42.220723511 41.9231208322 41.8489535317 41.9687294743 42.0817121729 42.0687634139 41.9871968546 41.9883127675 42.142145119 42.3922038736 42.6372625492 42.8021413895 42.8619826932 42.7785301998 42.5495408253 42.2380686217 41.9573165474 41.8358536324 41.9023112273 42.016297292 41.8249491657 40.9622625166 39.2571925369 36.8970337101 34.3045081679 31.9463653416 30.0739055901 28.6198253354 27.2728922859 25.8081621855 20 20 20 24.612129909 25.5465085846 26.1859728559 26.5192648327 26.764231323
43.0155737917 42.9428904195 42.8492068847 42.6949381848 42.5090249132 42.3060665708 42.145642782 42.1092472535 42.2681600245 42.584427997 42.9108717135 43.0329278729 42.8177075724 42.3581305452 41.9359499183 41.803984206 41.9456741002 42.1400583835 42.1746491136 42.0536197012 41.9350879873 41.9644114878 42.1583504073 42.4366676292 42.7090108908 42.8695831673 42.8369910506 42.598356531 42.2419272388 41.9319142965 41.8229136813 41.9741367084 42.2370649857 42.2669653394 41.6839328135 40.3014143175 38.1738768195 35.5806362031 32.9444138223 30.6820600841 28.8953329271 27.3312935935 25.7546623633 20 20 20 24.4747515346 25.4694651135 26.2024940937 26.6560390457 27.0218539531
43.2718291073 43.1132777675 42.8573145827 42.6154155441 42.4091493182 42.2759946573 42.2406421232 42.3476086573 42.6019662361 42.9536392964 43.2545832425 43.3187592816 43.0408775431 42.5209249492 42.0523688942 41.886713407 42.0467489837 42.2878068011 42.3729646415 42.2552711971 42.0806874144 42.00612163 42.0971201836 42.3379152134 42.6321114197 42.8476402331 42.8577723842 42.6233626715 42.2449848194 41.9110098934 41.7956981278 41.9728561366 42.320131869 42.5206493875 42.2098777257 41.1192228768 39.1525289012 36.472499287 33.5663422926 30.9911123272 28.9642204848 27.2635878551 25.628305589 20 20 20 24.3338580098 25.3420446776 26.1198615553 26.6414380339 27.0829153297
43.404320034 43.0671846871 42.7151944909 42.4302717677 42.251393018 42.1739438033 42.2371883649 42.4352705059 42.7385204269 43.073306966 43.3279425425 43.3634903063 43.109967089 42.6691144335 42.2720778378 42.1431643038 42.2827989152 42.5010290878 42.5790126216 42.4819578233 42.3119032831 42.1819468371 42.1736829603 42.3063874518 42.539460743 42.7467863753 42.7761918652 42.5640331138 42.201181482 41.8696171575 41.7446093765 41.9018258251 42.25854167 42.5494605911 42.4153094662 41.5002527593 39.5970822173 36.8454523688 33.7896941913 31.0606958165 28.9082279627 27.1245454844 25.4626792391 20 20 20 24.2307071955 25.2102965307 25.9665329344 26.4796738693 26.9233150577
43.0920871392 42.7386707839 42.3733308103 42.103683213 41.9519613813 41.9444171299 42.0940808291 42.3780677954 42.6986778171 42.9776074823 43.1527206313 43.1652312813 43.0028696094 42.7326622518 42.5083272396 42.440865793 42.5339656868 42.6599986158 42.6942732525 42.6219111119 42.5021140415 42.3847151953 42.2917742885 42.2898553051 42.4109914317 42.5739059126 42.6156346328 42.4434194859 42.1217179914 41.8154404501 41.6787916546 41.7920378778 42.0973747057 42.388217722 42.2995916665 41.4424617063 39.5784246681 36.8575661801 33.8261538245 31.0868186397 28.8726245858 27.01830777 25.3256623424 20 20 20 24.1790741504 25.1322633438 25.8347772438 26.2762615617 26.6217854872
42.3359225524 42.1779228566 41.9356938501 41.6983227092 41.5575626691 41.5900439061 41.8272988046 42.1873072618 42.5292613796 42.7476390785 42.8361349991 42.8318760793 42.7629656532 42.6779337638 42.615914736 42.6075169767 42.6426600145 42.6758268692 42.6744165454 42.6430660505 42.6066156179 42.5289675585 42.3926809395 42.2712816109 42.2845475194 42.4113962135 42.4901737328 42.3897335117 42.1303282678 41.851714897 41.6972436129 41.7346158891 41.949641616 42.151352715 42.0154621721 41.1556420634 39.3627573232 36.7652196492 33.8481158427 31.1449637819 28.881656063 26.9515162376 25.2185143807 20 20 20 24.1653469617 25.1184033469 25.7784249968 26.1087511847 26.3174610063
41.6296982322 41.7181875855 41.5979092648 41.3672855759 41.1874653788 41.2110844035 41.4852477389 41.8988080364 42.2460220075 42.4160715333 42.4432626266 42.4203933872 42.4204031942 42.4587557494 42.5178164478 42.5692442108 42.5907073968 42.5822433396 42.5642821078 42.5785222922 42.6065699167 42.5780341248 42.4448391867 42.2967381153 42.2694811826 42.3886809103 42.509676684 42.4822692053 42.298563336 42.0557788602 41.8668668931 41.8273976637 41.9179139455 41.9949955197 41.7562564454 40.8817483874 39.1490639713 36.655734501 33.8111768549 31.1051742129 28.7993999242 26.826441215 25.0852001403 20 20 20 24.1687680348 25.1433921949 25.7899707229 26.0524419168 26.1382482332
41.5724994305 41.6386948996 41.4886321067 41.1859346987 40.9229740904 40.8977990584 41.1717280551 41.5859045558 41.9123208993 42.0320753677 42.000872726 41.9479847058 41.9642165211 42.0691204255 42.2301747527 42.3813442235 42.4661258347 42.4657054728 42.4350158908 42.4387969384 42.481194462 42.4944152036 42.4454017539 42.3903066853 42.4301999324 42.5603157819 42.6728979122 42.666189808 42.5327264695 42.3283919392 42.1415084665 42.0438166981 42.041997608 41.9874110593 41.6451637427 40.7164961712 38.9877309563 36.4798801828 33.5875509845 30.8393404446 28.5189832567 26.5845223405 24.9088334718 20 20 20 24.2023555684 25.2110479173 25.8855272085 26.1454742245 26.2042505817
42.0460108337 41.8869644752 41.5555612149 41.1207602147 40.7742423259 40.71757774 40.9644567982 41.3507906911 41.6340617916 41.6988900719 41.6013306731 41.4858112908 41.4715171663 41.607601421 41.8607775495 42.1403150296 42.3205975128 42.3498443411 42.2786070924 42.2124793479 42.2164040378 42.2828027402 42.3782602635 42.5015693197 42.6464000507 42.7829949327 42.84415793 42.7996766913 42.6740562117 42.5094073546 42.355761194 42.272832497 42.2253786811 42.0884059905 41.6496189233 40.650560985 38.8366369606 36.2240101185 33.2091456579 30.3912939184 28.1103074129 26.2875868994 24.7444702182 20 20 20 24.3089566977 25.345684016 26.0571503567 26.3680590058 26.4606681282
42.5141966931 42.1344715271 41.624211404 41.1024580547 40.7541363416 40.6869984226 40.8961042587 41.2129034174 41.4414810743 41.4676298223 41.3246045547 41.151353282 41.1036927329 41.2543922721 41.5734677567 41.9279589866 42.163953892 42.1914955764 42.0605212222 41.9094398568 41.8754833293 42.005997628 42.2461051888 42.4956486213 42.693173162 42.8025054368 42.8212191285 42.7593738771 42.63740109 42.4986074672 42.3993832379 42.356101303 42.3289803756 42.1662886793 41.6704676439 40.5806943602 38.6621379464 35.9148726274 32.7943012138 29.9373484862 27.7210206794 26.0375216134 24.6350636692 20 20 20 24.4439928765 25.4986307373 26.2288536932 26.5771245904 26.6992597244
42.5568502057 42.1041650319 41.537463632 41.0617644537 40.8071324618 40.7956049704 40.9316927178 41.1197333718 41.2516504773 41.2499096166 41.1209075869 40.9709540515 40.9481265247 41.1350025245 41.4742994454 41.8218658789 42.020194282 41.9989119654 41.8125187657 41.6184165972 41.5827846788 41.7589474419 42.0442740755 42.296977175 42.4328241332 42.4895432025 42.512585103 42.4953354867 42.423725988 42.3201825595 42.2445310777 42.2468183483 42.2585782135 42.1156144884 41.5806270188 40.4030397389 38.3624680147 35.5267436112 32.3707478141 29.5643866407 27.438468352 25.8636472483 24.5589243008 20 20 20 24.4942493416 25.5494183994 26.2924337275 26.6406240993 26.7350599906
42.1162020004 41.7192261828 41.1981654721 40.8459044816 40.7933499077 40.9068689314 41.0130460635 41.0406649448 41.023324277 40.9790249348 40.9078925259 40.8670477759 40.9534832967 41.2098391471 41.5604182893 41.8431161551 41.9409095273 41.8407131704 41.6244168059 41.4432024514 41.4223360944 41.575656424 41.7957874882 41.926462825 41.9530910135 41.9562736398 42.010645004 42.0881954666 42.1046561731 42.0470018488 41.9901609311 42.0101460857 42.055135332 41.905587458 41.3045434226 39.9934928385 37.8197318206 34.9296188893 31.8598718414 29.2027722486 27.2199889462 25.7288209832 24.4736694523 20 20 20 24.3792618757 25.4536544875 26.222856385 26.5740652311 26.6041793795
41.3497934038 40.9039298869 40.4334553876 40.2453414182 40.4344776412 40.790309617 40.99994332 40.9821735762 40.8614666917 40.7699623371 40.7504004741 40.8249582828 41.0346760959 41.3742711531 41.725876915 41.9369084228 41.9329653956 41.7587294087 41.5399840621 41.3899664482 41.3671271546 41.4519852158 41.533811707 41.5327071481 41.4638584476 41.4507922369 41.5527513218 41.7063176838 41.803105283 41.7942939225 41.7663257152 41.8027485668 41.8242150198 41.5872881647 40.8059907714 39.2681304846 36.9286993034 34.0438100797 31.1479786119 28.7450440211 26.9570868967 25.5669118651 24.3329453795 20 20 20 24.1592907387 25.2634872505 26.1074471552 26.503054311 26.5099292161
39.9535625685 39.4241123563 38.9882713866 38.9639405147 39.4410450045 40.1444756016 40.6814700638 40.8753429363 40.8497237244 40.7917376281 40.8050538187 40.9275591838 41.1841925737 41.5326878302 41.8457276088 41.9885296431 41.9223423157 41.7285116843 41.5276732842 41.4005569037 41.369324854 41.3857430735 41.3733036986 41.287131124 41.1991240095 41.2100935637 41.3469396902 41.5273141388 41.6347886327 41.6577342389 41.6751657265 41.7277018905 41.6699723296 41.2171394808 40.0982730135 38.2132470839 35.6811027601 32.8601852337 30.2294745613 28.1356849203 26.5857975375 25.3104281837 24.108914343 20 20 20 23.9457871896 25.0957158509 26.0243111754 26.5079803301 26.5660108905
37.5463941398 37.0252520159 36.687355859 36.8457360377 37.6224476472 38.7748794269 39.8490992914 40.5440217279 40.8749409979 41.018061515 41.0976062197 41.1931799705 41.3627763714 41.5979330329 41.8052356318 41.8852163071 41.8302359356 41.7011841614 41.5634818677 41.4714100144 41.4412816064 41.4441947348 41.4173580629 41.3447270956 41.2969635641 41.3493479556 41.4783315647 41.5942818812 41.6448896111 41.653636204 41.7022937395 41.7632255468 41.5878288527 40.8176433296 39.2356762445 36.9040102837 34.1723015536 31.4817531665 29.1934949784 27.4512930082 26.1339942545 24.9711451585 23.822950914 20 20 20 23.8181981206 25.0139384899 25.9975311043 26.55589854 26.7242547395
34.1664093829 33.9309127397 33.7654785461 34.084732476 35.1294409447 36.7377596184 38.4346199515 39.7968358203 40.7009286822 41.2212030521 41.4498024242 41.4837028155 41.4641254015 41.4961277907 41.5631101996 41.6157589886 41.6449081082 41.6635520003 41.661613991 41.6346059837 41.6266412546 41.6607442828 41.6950154937 41.7102515715 41.7376847897 41.7950437389 41.8410107058 41.8288539479 41.7622780511 41.7050869104 41.7244696895 41.7413868445 41.4162269039 40.3057100956 38.2325565822 35.477380056 32.5981625588 30.1152872965 28.2314903355 26.8518856579 25.7425839957 24.6731208004 23.5839690753 20 20 20 23.7641558154 24.9959294963 26.0070513004 26.6144277582 26.8753081749
30.8236959335 30.8734774513 30.8456817398 31.2496087666 32.4302384379 34.3417212108 36.5513956931 38.5736786541 40.1403687943 41.1640010756 41.6311574928 41.6430162279 41.4509552408 41.288885033 41.243040684 41.2969999967 41.4416130785 41.6376587242 41.7915873546 41.8575386271 41.8895392525 41.9569073534 42.0807914715 42.2192101929 42.3187813675 42.3296725254 42.2383961122 42.0724390903 41.8683552275 41.684079587 41.5664468787 41.4206261635 40.8638090934 39.4360074344 37.0129841204 34.0253277327 31.1896239858 29.0068596632 27.5314630019 26.4955054873 25.5712533539 24.5759121823 23.5265396489 20 20 20 23.728765917 24.9876558717 26.036112813 26.6830294114 26.9868973083
28.5064157932 28.5658177373 28.5392028577 28.8945549556 30.0119023523 31.9544036727 34.4239216163 36.9523074882 39.1378604459 40.6978860378 41.4869513056 41.6062283786 41.3838458982 41.1499143693 41.0497732871 41.1076990886 41.3194448321 41.618524837 41.8818772101 42.0278410399 42.0874105204 42.1736999272 42.3610016576 42.611345286 42.7763768023 42.7348686456 42.5044378115 42.1859918705 41.8358936351 41.4580405549 41.0717353239 40.5737692622 39.6558246166 37.9453997545 35.4226485112 32.5647925302 30.0514311575 28.2763233143 27.1801149094 26.4233812298 25.6759293077 24.7584320414 23.7142188692 20 20 20 23.7285668073 24.9917816966 26.0858625831 26.769938477 27.0719274737
