travaux_groupes/kilucrue/mnt2.asc
NCOLS 101
NROWS 101
XLLCORNER 0
YLLCORNER 0
CELLSIZE 1
NODATA_VALUE NaN
[rows 69 to 91 of 101, columns 50 to 99 of 101]
26.6069053493 26.9382841866 27.2445332804 27.4221854481 27.4351243045 27.3478696296 27.2006270953 26.973300635 26.693234986 26.5201686285 26.5708488826 26.7516539171 26.8454492872 26.7709311962 26.6928234524 26.810084678 27.1047137221 27.3245072789 27.2619370624 26.9363918214 26.5090741295 26.0833577557 25.7114455734 25.4208844473 25.2405323779 25.1406218825 25.064182614 24.9885073554 24.9176405287 24.872115665 24.8276579058 24.7845488203 24.7741784796 24.8240701116 24.9017940255 24.9235656817 24.8443164044 24.7131606285 24.6300329118 24.6324208745 24.6831780679 24.7340345788 24.7607586572 24.7388335506 24.6526057406 24.538329696 24.4387576231 24.3550777791 24.243280737 24.0845239649
26.7595256988 27.0730393383 27.3618362656 27.508367873 27.4995883058 27.4049296754 27.2533333017 26.9986687362 26.7047265579 26.5473944237 26.6350056153 26.8466522508 26.9430840243 26.8398853802 26.7147252031 26.7944630149 27.0424223786 27.186182161 27.0283423137 26.6403764351 26.2253564039 25.8947955252 25.6280571125 25.395347221 25.2059149367 25.0942689763 25.0568420395 25.0633908027 25.094663321 25.1183449146 25.1259713931 25.1175586439 25.1121802116 25.1125326877 25.0869828082 25.0006691403 24.8498490156 24.7005991431 24.6328821891 24.660156275 24.7102241417 24.7276371075 24.7112542108 24.6771443574 24.6365761028 24.5975726518 24.5712537456 24.5335663015 24.4459727674 24.294595638
26.6973198772 26.9643544088 27.2509443407 27.4511089147 27.511022198 27.468117557 27.3262204773 27.0781490575 26.7952518843 26.658385391 26.7461299259 26.9276234474 26.9674363279 26.7892477699 26.5828343425 26.5695903453 26.7168133526 26.7714113854 26.5692790952 26.2127942033 25.8950190207 25.697490427 25.5437012775 25.3655677196 25.1953620848 25.0858022213 25.0628174519 25.1108984797 25.1919358596 25.2876736766 25.3757862328 25.439046408 25.44383458 25.3620416255 25.1998266476 24.9823589687 24.7703115083 24.6302871284 24.6198789039 24.7014639194 24.7733308913 24.7654673393 24.7051193929 24.6617102913 24.6782787196 24.7517544887 24.8404266578 24.8862333293 24.8419493809 24.7358811191
26.4479845641 26.6929272334 27.0053719955 27.2804156037 27.4310765234 27.4373881315 27.3149081586 27.0928927372 26.8656650809 26.7490909183 26.7974643003 26.8767857118 26.7828136515 26.4786605245 26.1587440615 26.0223025605 26.043740843 26.0340760868 25.886212724 25.6653368072 25.5234805997 25.4797031234 25.4474725773 25.3618444468 25.2489159113 25.1681685882 25.1437087688 25.1794266743 25.274834321 25.4155132037 25.5824405542 25.7105097871 25.7178476977 25.5745285899 25.3222363908 25.0548438648 24.8485055259 24.7779617739 24.8497190441 24.9889338493 25.0671329142 25.0249330924 24.9112661592 24.8288134822 24.8496059873 24.9706346928 25.1229694296 25.2216855605 25.2228956077 25.1498739302
26.1236840106 26.3727590055 26.688242532 26.9875917726 27.1657681432 27.189849511 27.0919310606 26.9393686782 26.7901880288 26.7020930587 26.6753223621 26.6099802669 26.358355672 25.9232160065 25.5000866279 25.259717705 25.1883842635 25.1762836652 25.1489752054 25.1375607665 25.1857738945 25.2920379774 25.3843531642 25.4226947714 25.4160721208 25.3896235905 25.3683159113 25.3911548714 25.4877548718 25.6607510415 25.8667087712 26.0198060403 26.0294434596 25.867940752 25.6140143125 25.3755744173 25.2542335874 25.2980309892 25.4771848922 25.6581393519 25.7074596264 25.5942189379 25.3964917409 25.229368491 25.1634826958 25.2036030768 25.2979952455 25.3761250104 25.3895139124 25.3562860661
25.7639905942 26.0000804235 26.2792569244 26.5216136247 26.6535817923 26.6722686794 26.6340735777 26.5853540747 26.5320230904 26.4578263206 26.3550116321 26.1625124365 25.7986556384 25.3034808056 24.8444270171 24.5597274277 24.465793485 24.5004208681 24.6211834727 24.7997205925 25.0179004583 25.2382837304 25.4387684494 25.6025263968 25.7222297913 25.7750500117 25.7825294919 25.8161503916 25.9333178731 26.1243418198 26.3269707708 26.4675986313 26.4742794805 26.3402397517 26.1248495958 25.9440762309 25.9185518777 26.0948618565 26.3895875603 26.6126713897 26.6187976542 26.4100761965 26.1114640779 25.8326782743 25.6225246326 25.4828500343 25.4114643122 25.3943659496 25.3893068919 25.345458868
25.3061052976 25.5017023974 25.708038554 25.870296057 25.9437982346 25.9731463735 26.0273013324 26.1079193438 26.1486759876 26.1044936102 25.9597795177 25.6946071535 25.2972021007 24.8287121257 24.4119529173 24.1527113583 24.0819642637 24.186874783 24.4264610021 24.7537369629 25.0965849392 25.4102944586 25.6905463693 25.9553607654 26.1681091587 26.2839068847 26.320892033 26.372698162 26.5133626018 26.7199994616 26.9167138963 27.0403612223 27.0684320363 26.973070838 26.787163401 26.6312866995 26.6514485574 26.9221805478 27.3039642756 27.5653627713 27.5405923997 27.2692389893 26.9021729926 26.544941932 26.1999810992 25.8683374265 25.6094085065 25.480862828 25.4431043583 25.4044106469
24.7381661165 24.867071178 25.020263014 25.1432931758 25.2191355677 25.295371229 25.4396728832 25.6380768685 25.7888984275 25.8050111551 25.6655719932 25.379611827 24.9943950596 24.5877044015 24.2566491174 24.0628384219 24.0418866219 24.1983889142 24.5222248335 24.9498266976 25.3986556333 25.7995323788 26.1551073539 26.4655119643 26.6889305691 26.7868702051 26.8013444222 26.8468675955 27.0065980126 27.2438424175 27.4749853434 27.6511153001 27.7283633973 27.6723995044 27.4930198447 27.3114661297 27.3254849093 27.5915729836 27.9845874151 28.2331589609 28.1940324515 27.9194721621 27.5626285901 27.1928609527 26.768316637 26.3035772815 25.9284923757 25.7420934624 25.71232327 25.715343108
24.1622776557 24.2409492898 24.3900670541 24.5599717825 24.698693321 24.8394592839 25.0497071872 25.3284885502 25.5757082726 25.6668699268 25.5478077135 25.2573607079 24.8794480701 24.5278126498 24.2775199056 24.1672334178 24.2038905111 24.4096418521 24.7780535215 25.2747717564 25.8097385807 26.3094928038 26.7194285511 27.0065112785 27.1326542763 27.1112104189 27.0504266577 27.0797230113 27.2548057516 27.5530023183 27.8774733877 28.1518326027 28.3111523963 28.2907529285 28.1058726161 27.9052773091 27.8617936298 28.0565614008 28.3457811864 28.5250905178 28.467909806 28.2405045067 27.9532340579 27.6079604787 27.1526710913 26.6322881807 26.2249761096 26.0654351448 26.1041368158 26.2124468915
23.7072662703 23.7817364097 23.992825446 24.2603301502 24.4970188043 24.6958208379 24.9365136173 25.2472193426 25.5319602475 25.655360171 25.5475551712 25.241966706 24.8633044595 24.5400885364 24.3541716194 24.3166781167 24.4263832391 24.6795950825 25.0888973525 25.6250497144 26.2298406045 26.7913775466 27.2068584731 27.3885479375 27.3339451327 27.1574504983 27.0235418693 27.0533463581 27.2769333519 27.6294058468 28.0372099526 28.3979347472 28.6193627242 28.6365636498 28.4842232096 28.2867942041 28.201612763 28.2712435028 28.4247555441 28.5077217772 28.4590540305 28.3069000283 28.0914232632 27.7718768124 27.2922794156 26.7430383405 26.3447547571 26.248767508 26.4124607319 26.6622131993
23.4152742384 23.5395187789 23.8445331656 24.2279350199 24.551701243 24.7922029278 25.0261594347 25.3006487674 25.548115723 25.6493528552 25.5372190892 25.2403553022 24.8682780835 24.5677400526 24.425866525 24.4513278286 24.6186799073 24.9243512685 25.3714941947 25.9532644659 26.5874113838 27.1501053133 27.4835618344 27.5026357011 27.2557987058 26.939905518 26.7790686513 26.8620133439 27.1367676153 27.5113210722 27.9065909219 28.2700644293 28.5148910118 28.5874854775 28.5124017278 28.3849427758 28.2728592442 28.230947543 28.2475023763 28.287299514 28.2900307272 28.2372520137 28.0933822426 27.7814808579 27.2663558983 26.6783419253 26.2710387793 26.2289353426 26.5109372326 26.9224454731
23.293669978 23.4779934454 23.8753252257 24.3430292159 24.7203833798 24.9571757882 25.1271522233 25.3017808636 25.4569730614 25.5179803738 25.4290537607 25.1834872956 24.8612188445 24.5982512711 24.5006143138 24.5739741266 24.7764558064 25.1051995738 25.589228648 26.2039742182 26.8464438969 27.3446072282 27.5552864873 27.4037075232 26.9934693422 26.580206019 26.4126293047 26.5587040481 26.8772367216 27.2093753862 27.5137323157 27.8024662871 28.045193302 28.1927843319 28.2519909078 28.2334664361 28.1473287773 28.011703935 27.9201049696 27.9243052428 28.0036180436 28.0677154099 28.0050459226 27.7125736733 27.1861130149 26.5707707889 26.1391738745 26.0949362679 26.4408108028 26.9530611774
23.3878292166 23.6052956934 24.0377275697 24.5292602207 24.8892459376 25.0497358073 25.0895672443 25.117460181 25.1733891549 25.2194440749 25.1934788301 25.0546059433 24.8265243892 24.631192048 24.5829767486 24.690610825 24.9115989394 25.242604013 25.7264701199 26.3452247538 26.9597982868 27.3924724607 27.489742055 27.2202164526 26.7016868018 26.216175564 26.0307198724 26.1851053742 26.5058725851 26.7910374587 27.0060217671 27.2177231609 27.4521173304 27.6835849177 27.8811072223 28.0045615631 27.9747732781 27.7972376196 27.5984700363 27.5408061445 27.6509674706 27.8019840693 27.8186719885 27.592289062 27.1160658195 26.5354744028 26.0830389515 25.9972956562 26.3123861765 26.8326927693
23.7334990308 23.9407186 24.3353516615 24.7596323695 25.0202232124 25.0449536243 24.922660464 24.8078159166 24.7833169031 24.8353029222 24.8929906036 24.8775508414 24.774661985 24.6633810747 24.6542185326 24.7917546157 25.0362401296 25.3768238421 25.8342953531 26.3922589408 26.9405127926 27.300601766 27.3431851095 27.0255368968 26.4760612432 25.9613592033 25.7302382301 25.8382008516 26.1201988213 26.3993426231 26.608295177 26.7952698169 27.0213998468 27.2956960595 27.5885583418 27.8105538602 27.8428067636 27.6527587185 27.3906687689 27.2677657849 27.3555351849 27.5294004685 27.6056397724 27.4655941243 27.1037993678 26.5981654964 26.160132655 26.0041969902 26.2341264434 26.6873166049
24.2433038056 24.4117275072 24.7078375699 24.9956881318 25.1104548413 25.0019266216 24.7698743557 24.5708440784 24.4974675909 24.5449191821 24.6457190582 24.721203689 24.7262478394 24.6966689067 24.7315204929 24.8933886086 25.1908827194 25.5712611507 25.9959764064 26.4384242298 26.8418469845 27.1116767804 27.1255045582 26.838602538 26.342895159 25.8533443953 25.5887397025 25.6218821277 25.879339827 26.2008125129 26.4845588641 26.7057006921 26.9044665422 27.1455068938 27.4263344389 27.6487707815 27.6797823331 27.4930130207 27.239617408 27.1265390038 27.2122846355 27.3925476284 27.5013822742 27.4418075243 27.1743391757 26.7532005026 26.3207033507 26.1070828038 26.2396269554 26.6209247792
24.7200417168 24.8449507531 25.0144150163 25.1511966478 25.1467481383 24.9759051212 24.7369662035 24.5477862896 24.4690243877 24.4865999061 24.5611897152 24.64757907 24.7107475939 24.7586897655 24.8459254011 25.0598361799 25.4186152933 25.858832728 26.2575498357 26.5524196065 26.764705967 26.8956684826 26.8863876424 26.6737816844 26.287772786 25.8663336127 25.5869913418 25.5868831334 25.8554597419 26.2737625857 26.6677514125 26.9310917811 27.0762174125 27.1970444085 27.356035747 27.4822831963 27.449503819 27.2622730797 27.0800741879 27.0583197616 27.2246447158 27.4486361049 27.5983135867 27.5727096523 27.3451961749 26.9472147935 26.5089324621 26.2332463752 26.2809921483 26.6080264728
25.0065170191 25.0838804282 25.1392783331 25.1599465076 25.1014779865 24.9599395202 24.7963993845 24.68989757 24.6473124083 24.6386303682 24.6471874831 24.6810999399 24.7535798735 24.8580630852 25.0173167795 25.2829837077 25.6983183885 26.1746209347 26.550729163 26.7406793142 26.7914472671 26.7839374028 26.7279417448 26.5715027041 26.2829377106 25.930294119 25.6785675285 25.6912872683 26.0262202497 26.5446135407 27.0261092215 27.3050234807 27.3666894108 27.3448677743 27.3574773713 27.3646549678 27.2704996442 27.0899048143 26.9798285465 27.0708089574 27.3284139116 27.6358730993 27.8262877461 27.8081015594 27.5570885508 27.1306246355 26.6625541733 26.3341421228 26.3053667473 26.5344924116
25.0664269644 25.105644468 25.0793216493 25.0313567019 24.9823442491 24.9138813459 24.8496525844 24.8276204223 24.8413094814 24.8412724964 24.8071042757 24.7878510007 24.8333605105 24.965117612 25.1688358412 25.4753352946 25.8991564909 26.3716071123 26.747716862 26.9380618494 26.9609064697 26.8869280056 26.7621052194 26.5820814068 26.3281989908 26.0327377099 25.8344804967 25.907070566 26.2846716252 26.8340539201 27.3198146607 27.5640818804 27.5691564787 27.4817156191 27.4280989667 27.3890534928 27.2723401887 27.1103186318 27.0399763347 27.1599547312 27.4595785197 27.794945945 28.0176188486 27.9962436315 27.7143175148 27.2569276062 26.7583911285 26.3981614218 26.3065898438 26.4596321728
24.9617278557 24.9804228895 24.9105950386 24.849923547 24.8320073992 24.8312669493 24.8203058488 24.8308497902 24.8816807764 24.922582088 24.9095897755 24.8650533824 24.881184796 24.9956627973 25.2149354995 25.5215477055 25.9078012998 26.3331545671 26.7415008554 27.0557401031 27.2135708029 27.1866543589 27.0047187331 26.746835287 26.4667342318 26.207102719 26.0658196483 26.1547748016 26.4970873076 26.9546564965 27.3368576425 27.5239659615 27.537628354 27.5054191257 27.5076258748 27.4939107987 27.3951293394 27.2430372203 27.1634123744 27.2562611049 27.5018835041 27.8114612739 28.0190642424 28.0015170292 27.7314849526 27.282149636 26.7923011322 26.4162881293 26.2771960973 26.3531420196
24.7642512738 24.7729035548 24.7158673855 24.6793113716 24.6983183178 24.7148377268 24.6900688468 24.6696862286 24.7155735919 24.8007570968 24.8349838629 24.8146476306 24.8160202051 24.9333261602 25.1560259262 25.4402567214 25.7435360036 26.092677928 26.5266899951 27.0195252338 27.4073719579 27.5184486127 27.3438174981 27.0243056185 26.7078523928 26.4531784797 26.3009418598 26.3279091718 26.5407830891 26.8358944413 27.0757134633 27.2045042117 27.2686964192 27.3500899455 27.4524287422 27.4915808324 27.4099492402 27.2611631871 27.1690491816 27.2146702358 27.4059184155 27.6494133888 27.8156467488 27.7916490685 27.5562538255 27.1699720928 26.724688616 26.3475080665 26.151024072 26.1640256652
24.5130270145 24.5360427191 24.5234357093 24.5399570207 24.5755714956 24.5653011463 24.4848534955 24.4075554962 24.4200600517 24.5073664313 24.5851681474 24.614544129 24.681875787 24.8599128614 25.133200352 25.3902979588 25.5912894222 25.8198743233 26.2379071702 26.8508285473 27.4314180694 27.7032249213 27.6005495831 27.2916915652 26.9614989122 26.6774962173 26.4628327359 26.3804804762 26.4512845531 26.6026337847 26.7340762733 26.8118908415 26.8994271273 27.0434230271 27.2023306837 27.2687067605 27.1980090151 27.0680343126 26.9828258258 27.0218032652 27.1839155455 27.3823901469 27.4877150663 27.4270977879 27.2213869209 26.9093912174 26.5326731574 26.1778641111 25.9554459093 25.8764356499
24.2725040201 24.3213442385 24.3639459761 24.4220440871 24.4559233645 24.4097962183 24.2889436912 24.1755410101 24.1466632812 24.2042202204 24.2947988047 24.4114232774 24.6042508807 24.920842256 25.2829911143 25.546496759 25.6506838926 25.7535514181 26.0803592498 26.6785154668 27.3148048405 27.6802084303 27.6638806401 27.4061727293 27.0917737111 26.7985317244 26.563998227 26.4294370046 26.4288744037 26.5009303008 26.5572596419 26.5843098495 26.6292581879 26.7479920435 26.8887656576 26.9454249566 26.8925891777 26.7912269019 26.7351541595 26.7852948056 26.9371074711 27.0947135837 27.1336083255 27.0348257356 26.84368491 26.5890283102 26.2863949427 26.0011152773 25.8124711877 25.7342803629
24.1292614191 24.2015263057 24.2776608719 24.3483572415 24.3746881646 24.3184972169 24.2025607433 24.0917210747 24.037385129 24.0610860361 24.1679627696 24.3734582145 24.709280717 25.1588162381 25.6211332887 25.9324379413 26.0207672165 26.0252512918 26.1938906699 26.6278178969 27.1609345629 27.4978457904 27.507074905 27.2884193516 27.019364502 26.8067161378 26.6673201095 26.6199573226 26.6430555468 26.684578993 26.6851117595 26.6447439796 26.631325867 26.6764345667 26.7461033751 26.7807697696 26.7417906025 26.6645223706 26.618265772 26.6603250601 26.7812044406 26.879247024 26.8781176598 26.7678888334 26.5913003372 26.3669916595 26.1168121701 25.9140060749 25.8425795863 25.8639389648
