travaux_groupes/kilucrue/mnt2.asc
NCOLS 101
NROWS 101
XLLCORNER 0
YLLCORNER 0
CELLSIZE 1
NODATA_VALUE NaN
[rows 46 to 68 of 101, columns 50 to 99 of 101]
26.5643567709 26.8741096458 27.0163978948 27.0513860454 27.0547702084 27.085973156 27.1456631936 27.2169717681 27.2281926508 27.0888709788 26.7956478529 26.5005942762 26.407185778 26.5380594988 26.7133517298 26.742224094 26.6262633826 26.4648236525 26.3294067774 26.2280163071 26.1563132991 26.0867748553 25.9817529904 25.8105234693 25.5485049294 25.1977062657 24.8179246989 24.4879985871 24.276659107 24.1699346285 24.1086199268 24.0523596324 24.0211649608 24.0502050083 24.1059866677 24.1048373424 24.0000585721 23.8703385738 23.8372398091 23.9484057693 24.137714945 24.2851325939 24.3295052268 24.3085280654 24.3172450361 24.4014137684 24.5466564032 24.7151301215 24.8554304051 24.9268393254
26.2066444077 26.5719360828 26.7838584043 26.8788205778 26.9242514437 26.9680169207 27.0365087983 27.1115843347 27.1420403547 27.0388487461 26.780847364 26.5085135625 26.4156962801 26.5568909281 26.7518639156 26.7978921574 26.6733594192 26.5252340025 26.4474976293 26.4254814041 26.3799160589 26.2456209454 26.0223535981 25.7514705991 25.4528026355 25.1295733536 24.7866707801 24.4755835186 24.2303139026 24.0633291264 23.9429560808 23.8536922092 23.826419126 23.8881354959 23.9996745799 24.0548526456 23.9960290619 23.882692964 23.8593149023 24.0014873137 24.2466230388 24.4561791359 24.5316105487 24.4793262212 24.3820941906 24.3101462787 24.3073615439 24.3964840593 24.5461444231 24.6859973991
25.8044684248 26.2092693583 26.5123903289 26.7050565028 26.8252501631 26.9211970902 27.0073559693 27.0882942916 27.1296445222 27.0670392432 26.86171276 26.6010954744 26.4841548247 26.5979739322 26.8079418033 26.8767521216 26.7598847565 26.6071952633 26.5626106144 26.5896909513 26.5541437489 26.3689568493 26.0556253959 25.6985892965 25.3756496665 25.0814910039 24.801911227 24.5200759001 24.256248504 24.0293580046 23.8577376045 23.7509196339 23.7398050084 23.8303861169 23.9613411144 24.0437766158 24.0286328837 23.9746445085 24.0017521699 24.1754132287 24.4280819965 24.6282616196 24.682480617 24.6022678401 24.4435477024 24.2806436876 24.1871971912 24.2193359362 24.3545361485 24.491881688
25.4572986697 25.8797040879 26.2492819741 26.5259364878 26.7286526152 26.8959344592 27.04601809 27.1649060735 27.2327846559 27.1959566715 27.0163657842 26.7646500881 26.6218247664 26.7099025966 26.9075455491 26.9897210306 26.8761661785 26.7204536286 26.6623662532 26.6744255354 26.6198939519 26.4132025093 26.0688221666 25.6898776938 25.3463163668 25.0693361702 24.8273967041 24.5837015192 24.319328521 24.0630166979 23.8581629409 23.7553083062 23.770105048 23.8811804174 24.0176173955 24.1085856334 24.1468850027 24.1804258414 24.278767674 24.458134203 24.6525388944 24.7598475838 24.7532633031 24.6541313402 24.5046736732 24.3418221164 24.2291383618 24.2324124668 24.3405233831 24.4571115992
25.364299322 25.7364137606 26.1071031761 26.4181589894 26.6820373383 26.9353049887 27.1757018006 27.3700311385 27.4683850302 27.4344301335 27.247717397 26.9897183198 26.8395001677 26.8884739147 27.0277240024 27.0695570479 26.9671168613 26.822527158 26.7466847966 26.7160552955 26.6355321833 26.4299636358 26.112825819 25.7322886671 25.3668890422 25.0621363357 24.8203314008 24.6078408775 24.3813355409 24.1370948738 23.93864248 23.8488853504 23.8926198497 24.0152815846 24.1441113619 24.2427505159 24.3257279563 24.4374785484 24.5910649975 24.7566072816 24.8558901466 24.8491804545 24.7647737748 24.6723294864 24.5818769972 24.4738573101 24.3821734998 24.373382948 24.4685351776 24.5924023922
25.669677006 25.9376100283 26.2066568427 26.4824347589 26.7748554761 27.1009808877 27.4329819395 27.6868622192 27.8046757337 27.7565095157 27.5589906677 27.3017479604 27.1247017891 27.0831054261 27.0946152681 27.0597731661 26.9735116906 26.8954855624 26.8534838726 26.8218417366 26.7345434919 26.5487064782 26.2462171821 25.8477171661 25.4164090023 25.0335196874 24.755694437 24.5631392239 24.3981945718 24.2245128004 24.0712254171 24.0093076727 24.053189978 24.1628646885 24.2684447355 24.3481726734 24.444561016 24.5907117617 24.7793111798 24.9358360443 24.9831462044 24.8969298444 24.7677452802 24.6885089612 24.6556133753 24.6127138224 24.5582089287 24.5663548156 24.6678647385 24.826126797
26.3251715984 26.4753885397 26.5946174514 26.7596825115 27.0146145522 27.3563529533 27.719043481 27.995623608 28.1079350305 28.0593282434 27.8879024289 27.6504991269 27.4191418446 27.2402992464 27.0987846082 26.9863570463 26.9354037623 26.958401669 27.0167724838 27.0425907019 26.9812725487 26.8016114698 26.483617521 26.0324268622 25.4978600339 25.0011283364 24.645212946 24.4498549354 24.3468740214 24.2735880043 24.2130387894 24.1816770677 24.2042148362 24.2582416066 24.3025486787 24.329905472 24.3871667974 24.531696571 24.7425457132 24.9318572263 24.9852884566 24.8926448085 24.7509536256 24.674598874 24.6749369013 24.6888835915 24.7026268804 24.7589498904 24.8993195301 25.0823087911
27.0486010217 27.1566981232 27.1563486405 27.1881976343 27.3188407269 27.5658361254 27.872041162 28.1178682576 28.2244342175 28.206199138 28.0930117646 27.8956752641 27.6359076122 27.3631891299 27.1264467625 26.9646211845 26.9264841034 27.0254088722 27.1798899276 27.2763359227 27.2433545145 27.0590347658 26.7223794895 26.2233762129 25.6077988933 24.9950679592 24.5330378364 24.2893233603 24.2289795034 24.2606494703 24.3095405372 24.3338871525 24.3287715453 24.3029460458 24.2528926609 24.192242514 24.1855703067 24.3049315752 24.5436967129 24.7765094127 24.8755986226 24.8050728554 24.666064271 24.5835281097 24.5962946816 24.6650658602 24.7591505321 24.8907465868 25.0764537107 25.2977835989
27.5431795396 27.6934056298 27.6716899798 27.6059295408 27.5809289572 27.6536450314 27.8281322684 28.0126471515 28.121336271 28.1365824585 28.0805861696 27.9337033618 27.7083899641 27.457884026 27.2237510118 27.034232824 26.9530643309 27.0277637208 27.2004719774 27.3258780937 27.3071252469 27.1351667506 26.810231571 26.3233809381 25.6926586479 25.015654877 24.455396064 24.1466367359 24.1002333807 24.223029705 24.3797464533 24.4753211071 24.4687221065 24.3729828141 24.2176533601 24.056250985 23.9879622228 24.0884546372 24.3313928697 24.5902114678 24.7141521343 24.6614308014 24.5186375359 24.419431016 24.4275489483 24.5260080766 24.6733018288 24.8565173308 25.0788371715 25.324266629
27.6608193336 27.8828677771 27.9180720714 27.8426235923 27.7123697306 27.6358431596 27.6810235586 27.810254062 27.9061059098 27.9305679073 27.8790479095 27.7723269757 27.6198501807 27.4532286433 27.2740210065 27.0730082546 26.9048540219 26.8703221013 26.972186088 27.0921141508 27.1092416036 26.9824008058 26.7130054308 26.2835635381 25.6965680464 25.0322964035 24.4483755068 24.1083362188 24.0731642176 24.2512130672 24.4887956889 24.6475579265 24.6623278356 24.5230446892 24.2796177242 24.0399233037 23.9247046366 24.0008739614 24.2229813069 24.4625828268 24.5830904292 24.5308083962 24.3783227083 24.249943694 24.2293730076 24.3133004453 24.4558951151 24.6306656262 24.8463718509 25.085275951
27.4525940379 27.7106481531 27.836793558 27.8146494707 27.6804653857 27.551705998 27.5509384382 27.6409618559 27.7169048522 27.6890761654 27.6027164858 27.4976031364 27.4000917021 27.2902788456 27.1389152876 26.9232474703 26.6900441643 26.5478967664 26.5706128275 26.6975969512 26.7911016792 26.7534334436 26.5434082524 26.1584602062 25.6304553049 25.0443437789 24.5356001792 24.2410479477 24.2179485979 24.403963119 24.6561423728 24.8428516699 24.8709686422 24.7154671912 24.4331498432 24.1515709269 23.998984451 24.0285300848 24.2039997976 24.4024821544 24.4992429786 24.4416227867 24.2797739723 24.1284839981 24.0724671663 24.1187471922 24.2135028236 24.3324461682 24.5005068265 24.7097112734
27.1188696853 27.3677126968 27.5502121766 27.5986124664 27.5154398354 27.427692376 27.4379425732 27.5317117289 27.5613089081 27.4797204554 27.3383997661 27.2383627234 27.1609898124 27.0438591002 26.8513005097 26.6092668657 26.3680864693 26.2137970421 26.2204504683 26.3769260335 26.5556052794 26.5984211547 26.4240675309 26.0478508471 25.5628309782 25.0863726622 24.7138365569 24.5076483018 24.4869657865 24.6197792179 24.818227799 24.9767779936 25.007414348 24.868304893 24.6030601523 24.3201868172 24.1310596299 24.1009311801 24.2050487196 24.34951027 24.4156607801 24.3483879367 24.1859834068 24.0262435393 23.9594384285 23.9840951616 24.0451962419 24.1185600247 24.2476177643 24.4380296675
26.8732969085 27.0831981393 27.2520614841 27.323524586 27.2935057208 27.2499752388 27.2952486551 27.3861951812 27.3996465238 27.2854150761 27.1610747382 27.0957692154 27.0328735656 26.8610674581 26.5856555413 26.3115415286 26.1281059209 26.0554028676 26.1150301075 26.2952577593 26.4901538758 26.5425370667 26.3621866258 25.9878523838 25.5481098531 25.1729684716 24.9193982709 24.772331535 24.722656023 24.7647446226 24.8749893974 24.9842998814 25.0171167179 24.9252729727 24.7179876201 24.4669643378 24.2651051411 24.1737381008 24.1963466332 24.2647022466 24.2894928177 24.2098411082 24.0475605085 23.8953525893 23.8304421798 23.8636424851 23.9444278018 24.0445035247 24.1915222732 24.3911702365
26.7872791446 26.9395683656 27.0340891596 27.0683575928 27.050014737 27.0374195386 27.0911734791 27.1802044532 27.1973693186 27.1316589693 27.0814760303 27.0877629581 27.030020191 26.7938285902 26.4419034716 26.1686075453 26.0780458451 26.141110953 26.287651301 26.4625181987 26.5845234013 26.5545558664 26.3276814018 25.9592972706 25.5712512364 25.269017465 25.0603747678 24.9063564355 24.7932300558 24.7534664927 24.793569091 24.8751081369 24.9235387639 24.8798525415 24.7387119712 24.5429287043 24.3572994542 24.2317720696 24.1749546753 24.1599752756 24.1277830422 24.0372295335 23.8915877621 23.7492086334 23.6853697191 23.7333406874 23.873336389 24.0649666941 24.2895506153 24.5230371615
26.7655658596 26.8575511793 26.8554036645 26.8301741672 26.814066028 26.8317426792 26.9047487719 26.9987118562 27.0489171922 27.0631089565 27.1004814263 27.1424479323 27.0561072225 26.7524085234 26.3615691776 26.1243983007 26.1611222926 26.3777099663 26.6198538723 26.7813689749 26.8000978948 26.6474633653 26.3483212444 25.9726227978 25.6195798441 25.3385516316 25.1103506131 24.8961461655 24.7175823071 24.6263523901 24.644071597 24.7301115867 24.7982516129 24.7809438661 24.6694574491 24.5104522737 24.3573328662 24.2311613801 24.1307100102 24.0450093454 23.9704851925 23.8888280446 23.7833301126 23.6700808283 23.6079527373 23.6649178341 23.8519762781 24.1244846352 24.4259348854 24.7016096464
26.688746125 26.7210132369 26.6428205683 26.5867895318 26.6034435296 26.6994132538 26.8438317397 26.9749895513 27.0590806854 27.1215960139 27.1867909819 27.1978931576 27.0240651065 26.6400312561 26.2302643046 26.0655600191 26.2358406177 26.603175574 26.944239947 27.1091929358 27.057904157 26.8227438648 26.4652392953 26.0751841989 25.7203817697 25.4199755299 25.1322180645 24.8450522584 24.6101652957 24.5029990629 24.5433344314 24.6599888696 24.7439755803 24.7080832432 24.5583388716 24.3774844352 24.2377739578 24.1385792283 24.0407288717 23.9411342139 23.862757103 23.8097596457 23.7615273909 23.6992454153 23.6634978671 23.7204126171 23.9088418498 24.1875114671 24.4865416408 24.7635186853
26.5227621334 26.4840336916 26.3737613327 26.3283864154 26.4287364003 26.6564326558 26.9218358664 27.1135943345 27.2026764991 27.2404355527 27.2715682002 27.2063011029 26.9263696322 26.462078449 26.0570904438 25.9665857135 26.2510017304 26.724791287 27.1273988286 27.3070011377 27.243974003 26.9925780331 26.6336642638 26.245101909 25.889316132 25.5526367078 25.19992972 24.8356221735 24.5540452495 24.4593305628 24.5570042541 24.7335535314 24.8224978292 24.7286353761 24.4812124505 24.2161653713 24.0488263916 23.9793959686 23.9377196676 23.8853340863 23.8346848446 23.8116742751 23.802217254 23.79856802 23.8035815192 23.8686447475 24.015994821 24.2217110592 24.4356939185 24.6231168538
26.3131695091 26.1937321907 26.0749092563 26.0908579611 26.2966546558 26.6620520768 27.0369046089 27.267416453 27.3159175134 27.2970786855 27.2652955011 27.1410781104 26.8008254203 26.3158651285 25.9472442479 25.9326399809 26.2717959378 26.7599773695 27.1573111769 27.3287314516 27.2758453462 27.0541140095 26.7289777893 26.3796912789 26.0439053627 25.696051864 25.2858787097 24.8551317787 24.5392720881 24.472843522 24.6448275175 24.8818742915 24.9818397411 24.8331419695 24.4884016421 24.1184357678 23.8883984623 23.8357377824 23.872052408 23.8969675232 23.889576968 23.8692263808 23.8719556501 23.8943382338 23.9485435031 24.0246404548 24.1243995798 24.2344964453 24.3443625286 24.4281607131
26.1222433512 25.9359561632 25.8446441189 25.9460967161 26.254158564 26.6936283772 27.1018822878 27.3021330624 27.3016082359 27.2230109516 27.1595067355 27.024544655 26.7129834994 26.2890075717 26.0066518942 26.0513977 26.3827222704 26.8047078324 27.1295458781 27.2618397292 27.2000384326 26.9819912388 26.6759351485 26.3640386991 26.0715684576 25.7386397941 25.3114906535 24.8457972029 24.5194254677 24.4754816857 24.6844383423 24.958958048 25.0794117211 24.9298310866 24.5511196207 24.1193779977 23.8337608375 23.7725389387 23.8558519132 23.9504586668 23.9819744704 23.9693178461 23.9504697274 23.9827354233 24.0599052759 24.1532061018 24.2215187045 24.2759136569 24.3236068677 24.352006848
26.0025097874 25.8171266176 25.7976626691 25.9982103419 26.3638081798 26.7917426119 27.1241431566 27.2496793502 27.1825219676 27.0771436928 27.0104533031 26.9247100736 26.7043090843 26.4030030819 26.2190173157 26.3012294654 26.5945775775 26.9265003805 27.1570423704 27.2303762075 27.1184381081 26.8411647527 26.4874945517 26.1706356334 25.9180381143 25.6391165307 25.2474238347 24.8027795612 24.4852993992 24.4320233349 24.6188148542 24.8810127029 25.0185555815 24.9147479683 24.5927245097 24.1934450245 23.8998083502 23.8126413684 23.8898044464 24.0102397428 24.0864982584 24.0919354203 24.0778175018 24.0983311707 24.1770621307 24.2606930556 24.3249358153 24.3640547157 24.3872971617 24.3858919026
25.9957143391 25.9097187764 26.0062425274 26.2871528295 26.6445804152 26.9636834226 27.1615888119 27.1750262016 27.0499347026 26.9128416933 26.868324281 26.8511118422 26.7516901378 26.5687764496 26.4611543019 26.5603663412 26.8280212451 27.1030063642 27.2591862396 27.2510396921 27.056677342 26.6800481606 26.2332018371 25.8790099065 25.6590800146 25.4554583176 25.1510980008 24.7749931304 24.4798293492 24.3932662337 24.5111048914 24.7031943646 24.8208840868 24.7813139116 24.5869502758 24.3140111142 24.0744663079 23.9680001724 24.0018330689 24.1097243045 24.20786348 24.2579417517 24.2706623266 24.2903421801 24.3253441227 24.3731496627 24.4124724609 24.4442173278 24.4391706233 24.390624891
26.1159740065 26.2058849723 26.4243330311 26.7287208296 26.9951142974 27.1570282315 27.1938438555 27.1020742349 26.914710409 26.7555368988 26.7225218247 26.7797978837 26.780334872 26.6804794418 26.6082810579 26.7166083165 26.9919990186 27.2533236478 27.349016772 27.2430499292 26.9489372136 26.49418377 25.9963333503 25.6214696024 25.4265997223 25.2936887323 25.0862304617 24.8045705923 24.5535894082 24.444059209 24.4736542331 24.5583417614 24.6213409696 24.637926328 24.5991209551 24.4906865269 24.3457558615 24.2335649659 24.2171469604 24.2840783228 24.3792900603 24.4603536299 24.5105143999 24.5207384393 24.4999034505 24.465165141 24.4508709329 24.4414774481 24.3907021593 24.2759135758
26.3477809439 26.6005768183 26.8973961526 27.150328363 27.2805760952 27.285546268 27.1978397706 27.0201549492 26.7836853213 26.6047223545 26.6056687307 26.7278034805 26.7905957688 26.7223044802 26.6564513569 26.7774846148 27.0704757791 27.3277051466 27.354830026 27.1378355954 26.7560015287 26.2897503056 25.8206821587 25.476578382 25.2965555892 25.1971431544 25.0695315331 24.8853687321 24.7165680208 24.6151170978 24.5821948543 24.571826971 24.5812157393 24.6342301755 24.7052482125 24.7224225365 24.6459676844 24.5337678704 24.4706635151 24.4928352825 24.5669360587 24.6465311929 24.7014653031 24.6987337282 24.6237302634 24.5170666508 24.4325116406 24.3700800935 24.2732617998 24.1219327824
