travaux_groupes/kilucrue/mnt2.asc
NCOLS 101
NROWS 101
XLLCORNER 0
YLLCORNER 0
CELLSIZE 1
NODATA_VALUE NaN
[rows 23 to 45 of 101, columns 0 to 49 of 101]
23.395545908 23.6817782976 24.0374619004 24.3509103348 24.5608299612 24.6615303012 24.6833477142 24.6970361304 24.8109224654 25.0780216922 25.4550434318 25.8447398456 26.2010951216 26.5632527805 26.9640156227 27.3394140808 27.5285323527 27.4353817768 27.1330898245 26.8004870263 26.605415661 26.5701758828 26.6169659225 26.7112141716 26.8561364258 27.0227439007 27.0851950717 26.9537454016 26.6643877788 26.3694225443 26.1597431546 26.0648160745 26.0837010401 26.2081156188 26.4074685894 26.6702680601 26.9964561754 27.3860271427 27.7589276251 27.8941654175 27.5177537094 26.4816878443 25.004373763 23.5995661724 22.8178475728 22.8506949444 23.4363369273 24.1040510365 24.5360862786 24.7168042895
23.8442043941 24.0286057198 24.2484500631 24.4417507363 24.5720818719 24.6342738175 24.6476840872 24.6733990462 24.7862172992 25.039839864 25.4195445222 25.8715168803 26.3269431809 26.7528609682 27.1542708665 27.5156020537 27.7457611016 27.7497804052 27.5349643517 27.2329209225 26.9631464515 26.7528266601 26.5703520281 26.4267302861 26.400454222 26.4843224288 26.5450953614 26.4631583509 26.2503419531 25.9965234059 25.7914539955 25.6791833187 25.7056942955 25.8878567948 26.1962822733 26.568174581 26.9676546331 27.3620308056 27.6724719005 27.7405349354 27.3176305911 26.2966352202 24.8528738622 23.5005999585 22.7646945772 22.8349765657 23.4287080706 24.0690326206 24.4643388067 24.6334353086
24.4485560207 24.4357216363 24.4759053192 24.5387895921 24.5977592012 24.629187237 24.6365251228 24.6588251775 24.7577513888 24.9895143745 25.4028056689 25.9726000728 26.5954246572 27.144692606 27.5836468488 27.9321296005 28.1763789438 28.2250023557 28.0493964835 27.7260829567 27.3668900757 27.0219780882 26.6830419702 26.3801232352 26.1933713905 26.1541746913 26.1850764954 26.1581966853 26.0233219595 25.8150776275 25.5980639062 25.4644189569 25.4934284277 25.7199548782 26.0799557116 26.4830431137 26.8537453898 27.1654601783 27.4011724174 27.4408357075 27.0834674383 26.147391702 24.7739788134 23.4355115165 22.6804237722 22.7069594886 23.2561186756 23.868343866 24.2635845451 24.462058572
24.8807101167 24.7335455893 24.6201905666 24.5668176655 24.5672240531 24.5839005001 24.5959390553 24.6165291416 24.6923788681 24.9229200565 25.3980028504 26.107046835 26.8798501101 27.5315248405 27.9951056953 28.3246848225 28.5240187511 28.5435948731 28.3438469996 27.9919848326 27.5985038041 27.2132661137 26.8193245766 26.4186523914 26.0976962681 25.9592236343 25.9799952488 26.0366189782 26.0015164791 25.8396696444 25.622671589 25.4712680337 25.5045886096 25.7281829492 26.0688568549 26.4113208965 26.6897942246 26.9001844394 27.0677246913 27.1397862237 26.8731657538 26.0461115464 24.727595164 23.3845523723 22.5607123204 22.4981682634 22.9822308669 23.5896239856 24.0454255858 24.3121924069
25.0224811205 24.8798345577 24.6932085383 24.5408332298 24.4654475117 24.4524779278 24.4563202311 24.463589468 24.5388683427 24.8037435662 25.3670717212 26.1706661309 27.0051162218 27.6630289465 28.1093398791 28.3785985204 28.4942961673 28.4236332156 28.1877535848 27.8659925906 27.5441929712 27.2201150237 26.822420885 26.3457548427 25.9289487499 25.7320685836 25.7875265855 25.9559144336 26.0611614606 26.0082988226 25.8498914279 25.7379803224 25.7622677229 25.9180232018 26.1280315629 26.3446465167 26.5245388378 26.6729004919 26.8354827066 26.9456790937 26.7520728103 25.9860444621 24.7016693804 23.3354070951 22.4515613107 22.3142190977 22.7605501661 23.4069622918 23.9411503922 24.2826651808
25.0793316353 24.9903671943 24.766298435 24.5254306955 24.3498106265 24.2554622309 24.2044059971 24.1895673108 24.285023435 24.6245174981 25.2604718744 26.0874454621 26.869114561 27.4557908641 27.8271478802 28.0290323809 28.0415584268 27.8903662459 27.6629463878 27.4610242474 27.2930289383 27.0672391053 26.6734846359 26.1436997791 25.6684095298 25.4540495177 25.552246037 25.845113828 26.1131020667 26.2171259634 26.1941619195 26.1701146247 26.1942631671 26.2119748513 26.2299547286 26.2876489273 26.4064440521 26.5803981644 26.7973496923 26.9565497545 26.7866544922 26.0283557729 24.7235869908 23.3294982087 22.4071614749 22.245485615 22.7067368042 23.4033061775 24.0058291219 24.3750724051
25.2453913484 25.0884243502 24.8553746289 24.5620287043 24.2909336338 24.0817389456 23.938689525 23.8865997653 24.0163054143 24.4142612287 25.0818976445 25.8614184559 26.5487279149 27.021960328 27.3066063043 27.4212372401 27.3719252524 27.2101480982 27.0796310136 27.0559881993 27.0589668796 26.9125159828 26.5315536984 25.9914836924 25.502103267 25.2777849286 25.4058257095 25.7734828005 26.1568029306 26.397758724 26.5186807854 26.597849064 26.6065057997 26.5009719449 26.3410322327 26.2793165474 26.3931652262 26.6445001597 26.9474523329 27.1448839245 26.9669048217 26.1639412632 24.813252337 23.3790113791 22.4385529282 22.2852452552 22.7748326008 23.5088922596 24.1303694783 24.5018551655
25.2205990715 25.0766604262 24.8702175692 24.6072734885 24.31071787 24.0264501191 23.7995620751 23.7079994532 23.8353304592 24.2384267986 24.8725540505 25.5905255304 26.1953303984 26.5828292765 26.7600488805 26.7822839387 26.7065271847 26.6389053816 26.6820749269 26.8420423035 26.9685014825 26.8960609005 26.5632325971 26.066856986 25.5988880166 25.3672979718 25.4758818056 25.831313569 26.226638822 26.5250782107 26.7329389599 26.8553761306 26.8426180335 26.6676912116 26.4440510444 26.3606763145 26.5077171702 26.8214830718 27.1624603234 27.3527321043 27.1289596558 26.2807279622 24.8987410053 23.4450318168 22.4962979818 22.3406140291 22.8288577193 23.5540331187 24.1705008723 24.5414218912
24.9159627872 24.8281832026 24.7324689022 24.584757807 24.3721585105 24.1067042193 23.8576902268 23.7231930779 23.7974857705 24.1268434457 24.6877997344 25.3487153056 25.925360281 26.2675666297 26.3497679948 26.2737336482 26.2052170734 26.273944612 26.5011642129 26.7793697186 26.9750722305 26.971801104 26.736199251 26.3276063336 25.908207529 25.6724174735 25.7204691188 25.9960315353 26.335740459 26.6273489669 26.8242618054 26.9145403246 26.8639029987 26.6934179871 26.5362445163 26.5335527139 26.7254933213 27.0273107167 27.307317095 27.4048703954 27.1123593155 26.255379985 24.9010409203 23.4774594756 22.5218163802 22.3281794413 22.764001259 23.4500423241 24.0629670481 24.4640583187
24.3958554951 24.4418109185 24.4758473028 24.4820199537 24.4150667836 24.2511283087 24.0371354986 23.8714481345 23.8587715977 24.0782555056 24.5410064978 25.1592601288 25.7356989031 26.0787465792 26.1203957972 26.0016533001 25.9603212547 26.1319570589 26.445656771 26.7559890648 26.9557339934 27.0063210643 26.8672189284 26.5553142821 26.1939204446 25.955032234 25.9489726191 26.162681 26.4812841784 26.7475911952 26.8830437644 26.8793330367 26.7779206557 26.6615344989 26.6292568667 26.7455105086 26.9648664138 27.1851779305 27.3157271871 27.2702358275 26.9135749609 26.0896751693 24.8308297658 23.4639999682 22.4951784775 22.2292563763 22.5831775089 23.2265903184 23.8579756117 24.3223358521
24.000684765 24.1242220749 24.2452472556 24.3540236402 24.4018485412 24.351060381 24.2010657694 24.0298713165 23.9504840296 24.0715303382 24.4448369859 25.0033091115 25.5778500047 25.9527049455 26.0520739298 25.9976310069 26.0162265888 26.2090116061 26.4999754791 26.7533852752 26.918337609 26.971554575 26.8742622808 26.6121384568 26.2714707688 26.0211965522 26.0093453759 26.2598114609 26.6365656703 26.9296369247 27.0038799884 26.8934454818 26.7342247643 26.6568091568 26.7289512386 26.9224973266 27.126652045 27.2372992006 27.216947542 27.0524804988 26.6643017228 25.9118824202 24.7438466396 23.4284456479 22.4323479943 22.0898400339 22.3662752105 22.9822498956 23.6506475176 24.183026664
23.9475734344 24.0659940109 24.1673554931 24.2629700696 24.3435756764 24.3557082905 24.2789430187 24.1432012172 24.0522289807 24.1176228826 24.404275926 24.8869599105 25.4284165112 25.8707445803 26.1154367876 26.2254296055 26.3356550583 26.5105955198 26.7082579957 26.874584561 26.9788617732 26.9926230902 26.8621298417 26.561003213 26.179384904 25.9084929152 25.9339446435 26.2816532564 26.7733661127 27.1326781431 27.1924640529 27.0107633162 26.7899763476 26.7135008386 26.8333256632 27.0367500025 27.1834456831 27.1934173617 27.0784146849 26.8752134426 26.5116131345 25.8062137401 24.6881030699 23.3839237868 22.3686334759 21.9832239784 22.2224243974 22.8345810682 23.5363910036 24.1130464828
24.2808506558 24.2889599414 24.2539239553 24.252269804 24.2840799634 24.3181903009 24.303185552 24.2435770674 24.1887778075 24.2292681855 24.4333106551 24.8138109526 25.3179431187 25.8267344905 26.2538055943 26.5759697375 26.8109327632 26.9827084924 27.0979539252 27.1721544911 27.2137676789 27.1695465411 26.9560049026 26.5640720227 26.1110854358 25.8265799505 25.8867789985 26.2946246389 26.842305619 27.2459061632 27.334638148 27.1568777803 26.9233293276 26.8479189583 26.9659091424 27.1402283482 27.2017646046 27.1217620064 26.9739063578 26.788566428 26.4587892976 25.7712904708 24.6402139685 23.3357593391 22.331507505 21.9681085139 22.2352073159 22.8740958918 23.593060955 24.1724037735
24.8099192704 24.6141967117 24.4350792851 24.3202167838 24.2983177246 24.3212799425 24.3510029589 24.3607568606 24.3609502481 24.3881125814 24.5123166995 24.789375173 25.2238639572 25.7694873192 26.3413219099 26.8586042319 27.2624617131 27.4986585521 27.581290009 27.5845212418 27.5547173164 27.4455706305 27.1574216761 26.6922180894 26.2170129234 25.9407361654 26.001284782 26.3626000665 26.835746145 27.1923540752 27.3167806601 27.2307608728 27.0878699194 27.0576661574 27.1685490321 27.2757835299 27.2405997352 27.0843022881 26.9142292745 26.7434482286 26.4124177781 25.6954493254 24.5494772269 23.2648394578 22.3257395857 22.0520199015 22.4071331414 23.1051796263 23.8327474428 24.3921238507
25.075999729 24.8520838905 24.6211952386 24.4753608061 24.4189962995 24.4275922289 24.4557986662 24.4891776597 24.5113948408 24.5299812621 24.5867414957 24.7605122353 25.1052579991 25.6137800135 26.2360094906 26.8988229805 27.481008309 27.8568852886 27.9848874725 27.9546463312 27.8665755516 27.6915212088 27.3605579032 26.8996254927 26.4672391747 26.234061808 26.2641300271 26.4981594611 26.7907947064 27.0228312973 27.1526297395 27.2063815654 27.2272422744 27.2855811691 27.3788823732 27.393986381 27.262302356 27.047871019 26.8565761006 26.6579797771 26.2682928579 25.5014145337 24.359821841 23.149826662 22.3306687225 22.1918511623 22.664257565 23.4298133368 24.1775275674 24.7184761338
25.0272234092 24.9165443026 24.7927722206 24.6954080927 24.6493286068 24.6216885409 24.6018849691 24.5839421586 24.5735922669 24.5618458363 24.5725605372 24.6731215986 24.925222478 25.3403274759 25.9132342605 26.6195669685 27.3367195968 27.8677138937 28.1067688968 28.1292356708 28.0411291143 27.8519703426 27.5177272935 27.1030332382 26.7492448548 26.5678600428 26.5630795417 26.6576168177 26.7572052144 26.8458836879 26.9735766213 27.1428760216 27.3141988289 27.4347912007 27.4667335398 27.3776156386 27.1708705713 26.9383202582 26.7343283581 26.4860342979 26.0200147591 25.202439245 24.0936442295 22.9937905289 22.3268637682 22.3357951701 22.9144203752 23.7367091925 24.4950818711 25.0504907675
24.8352407282 24.8857237541 24.9298404908 24.9508196405 24.9188295058 24.8386664812 24.7162443371 24.5921294456 24.4967843687 24.4403727504 24.433012399 24.5084367506 24.698151676 25.0047866055 25.4588204397 26.0894600684 26.8226212246 27.4551838957 27.8450635305 28.0119858973 28.0442599708 27.9383909374 27.6680679255 27.3052066595 27.007188261 26.8493500247 26.8074170406 26.7923188195 26.759462265 26.7594872297 26.8865723875 27.1408089079 27.3834672661 27.4819483312 27.4071669441 27.1950972819 26.9366563488 26.7048176242 26.5033208952 26.2187814259 25.7044134319 24.8789813751 23.8198342307 22.8362224602 22.3136939393 22.4556267923 23.1218353404 23.9722442759 24.7392558491 25.3211853448
24.6738617961 24.8290767469 25.0325577777 25.1620815776 25.1517547442 24.9905751193 24.741649245 24.4940845147 24.3193109188 24.236118004 24.2378609707 24.3286953126 24.4852473026 24.6968905985 24.9950678545 25.4533005905 26.066494421 26.7127551228 27.2398531376 27.6121746317 27.8547516519 27.9386987405 27.8068849119 27.5270973711 27.2403835616 27.0563956171 26.9577092254 26.8792866833 26.7897432871 26.7626722432 26.9127865788 27.217005503 27.4754676918 27.5070010458 27.2896895492 26.9557902724 26.6252160052 26.3710506625 26.1496297324 25.846794692 25.3362916664 24.549219097 23.5729194673 22.6957372865 22.298306346 22.55470782 23.3002083038 24.1873863649 24.9650485426 25.5791526791
24.6136481569 24.8383786346 25.1071068528 25.2978640429 25.2969700592 25.0738326753 24.7196873763 24.3897140559 24.1869361676 24.1164094647 24.1475617951 24.243940212 24.3758397803 24.5000072309 24.6384059416 24.8757238483 25.2901281016 25.8492101188 26.4448672221 26.98864663 27.4449810065 27.7431404968 27.8106695364 27.6408298251 27.3660465179 27.1244809226 26.9708255535 26.8571323421 26.757301251 26.7473223178 26.9294431614 27.265984382 27.532704465 27.5025916264 27.1846942795 26.734512609 26.3237729244 25.997020389 25.7185581912 25.3884597356 24.898993089 24.1844535729 23.3109473909 22.5529584245 22.2695169946 22.6339575034 23.4744149786 24.4347617083 25.2520231611 25.8871729651
24.7988362314 24.9883894811 25.2022725097 25.3853812311 25.3959558582 25.1641629335 24.7807456878 24.4363977902 24.2511642343 24.2168545432 24.2608726755 24.3382364546 24.4189328628 24.4692070465 24.4739472692 24.5129847497 24.7006731153 25.0931647335 25.6333059618 26.2287923573 26.7899985357 27.2396144088 27.4672441792 27.4289446914 27.1966815244 26.9389310677 26.7499081266 26.620786583 26.528539616 26.5411766506 26.7562826197 27.1175116889 27.3857497912 27.3480485611 26.9869857694 26.4907970967 26.0163368896 25.6289072184 25.289360841 24.919715302 24.4327487092 23.7797760273 23.0162308701 22.3781268244 22.2002329437 22.6611411081 23.607677695 24.6719909691 25.5641863613 26.2152820748
25.2316198339 25.2251051314 25.3359774429 25.4761189675 25.5068572445 25.3187166352 24.9802764899 24.6687553851 24.5121471026 24.4944743474 24.5307389087 24.569970381 24.6006923253 24.5979212344 24.530087643 24.426798846 24.4116596453 24.5791655146 24.9463067598 25.4351427785 25.9595826814 26.421051512 26.7209738634 26.7799745915 26.6399407843 26.4254968454 26.2493914545 26.1231220539 26.042567129 26.0746471453 26.2987039391 26.6583020843 26.9299676519 26.9007719129 26.5748204911 26.0978309533 25.6393455013 25.2596921237 24.9200213652 24.5306143997 24.0335861851 23.4135175555 22.7292794934 22.1793077117 22.0702383366 22.5888992758 23.6106856875 24.7766729008 25.760023907 26.4513261036
25.4765001228 25.4052976092 25.4418378402 25.562612319 25.611503225 25.4803873469 25.2067451112 24.9449320026 24.8054007061 24.7859784024 24.8115007983 24.8328051056 24.846366183 24.8295113512 24.7360241476 24.5597271179 24.3727408236 24.3088562087 24.4320533839 24.7302813665 25.1152838672 25.4948028586 25.768141633 25.8696012323 25.8059211916 25.6688432725 25.5370527329 25.4404189503 25.3870191431 25.426491521 25.6261899138 25.9455772766 26.191151052 26.191104432 25.9298357594 25.544162511 25.1779199859 24.8887316667 24.6170461952 24.2689309195 23.7883198131 23.1805304866 22.5195231892 21.9969998018 21.8980819484 22.4123535671 23.4483366933 24.6729115831 25.7405519742 26.4892263036
25.3926470283 25.3652863033 25.4537712723 25.5825218974 25.6371591701 25.5310046999 25.3073075029 25.09004799 24.9780202632 24.9664702081 25.0060786626 25.0489596783 25.0755843485 25.066968349 24.9712978113 24.7442756937 24.4318572247 24.1659127981 24.0826341134 24.2017689456 24.4598329289 24.7403678281 24.947405072 25.0231464105 24.9769544857 24.8697968964 24.7745243773 24.7209247311 24.7068342559 24.7516791249 24.9054165756 25.1456431212 25.3471001612 25.3728199672 25.2068212178 24.9507883336 24.7192334394 24.5501026744 24.3916604564 24.1407080616 23.7190866153 23.1197918586 22.435784487 21.8823607806 21.7424621863 22.2018908365 23.1952143074 24.4198359438 25.5252492574 26.3266067472
