travaux_groupes/kilucrue/mnt3.asc
NCOLS 101
NROWS 101
XLLCORNER 0
YLLCORNER 0
CELLSIZE 1
NODATA_VALUE NaN
[rows 23 to 45 of 101, columns 0 to 50 of 101]
23.3048636784 23.2985702639 23.3599125798 23.439318799 23.503969476 23.5416420104 23.5573006151 23.5684530373 23.5863334562 23.6103912003 23.6244855777 23.612887343 23.5611476028 23.4584171239 23.2964438485 23.0859606304 22.848543435 22.6022719574 22.353555413 22.0991087074 21.8471026094 21.6101870014 21.4114209189 21.2758074638 21.2106333792 21.1889639805 21.1675020334 21.1157401394 21.0292974461 20.9211079067 20.8199110249 20.7584939705 20.760712898 20.8257371957 20.9295982724 21.0364104837 21.1100551707 21.1273842043 21.088258136 21.0004606445 20.8724960639 20.7138420158 20.555074042 20 20 20 20.6914788319 20.8343580636 20.9244289158 20.9591334897 20.9605965823
23.6324430664 23.6337906831 23.6629912374 23.6973270347 23.7129669889 23.709131237 23.699646545 23.6955486575 23.7030741106 23.7214787141 23.7478430637 23.7673582142 23.7568155856 23.6911746359 23.5679121922 23.4041151506 23.2229804875 23.0299496487 22.8096658182 22.5509888146 22.2558301247 21.9454553919 21.6539650944 21.417639086 21.2537216268 21.1518816807 21.0838677736 21.0229658013 20.9498835563 20.8638470746 20.7798943195 20.7303883237 20.7335044564 20.7867056325 20.8697535687 20.9596278963 21.0300945008 21.0650905874 21.0580557656 21.0059500123 20.901374919 20.7510609492 20.5869156849 20 20 20 20.6593395025 20.7957150594 20.8908136167 20.9391748813 20.9534339911
23.8129004508 23.809126114 23.8214350488 23.8270147963 23.8101147424 23.7744549402 23.737587292 23.7117835647 23.7008083027 23.7118240335 23.7501132687 23.8034184447 23.8332319218 23.8092914397 23.7305104341 23.6220444681 23.5052448527 23.3728857366 23.1987423739 22.9646249563 22.67231575 22.3385465273 21.9915815712 21.6662100011 21.3905798984 21.1819502603 21.0424678676 20.9559793941 20.8967718887 20.8400190589 20.7871170389 20.7510518777 20.7485077551 20.7793553308 20.83896558 20.9103866672 20.973726387 21.0129248039 21.0254887043 21.000884557 20.9208351176 20.7820845334 20.6143417023 20 20 20 20.6126917872 20.7473841327 20.8574549914 20.9331268114 20.975869132
23.9091269993 23.905814953 23.9022254553 23.8941541135 23.8643247697 23.8104011541 23.749730116 23.7008276866 23.6735294993 23.6803529718 23.7310382766 23.8074178052 23.8683212153 23.8785583332 23.8419021406 23.7851666696 23.7183166459 23.6264114881 23.4868782467 23.2879626114 23.0353334455 22.7350884944 22.3920240582 22.0178773684 21.6479765977 21.3299596092 21.1021466288 20.967682785 20.8970379487 20.8579196999 20.8272966801 20.8044538994 20.7921499715 20.8038666138 20.8442860304 20.9043973489 20.9577992678 20.9922291836 21.0050920814 20.9889154443 20.9229090555 20.7931584013 20.6228337568 20 20 20 20.561768082 20.7089375523 20.8491722725 20.9614732089 21.0342343649
23.9782584716 23.957276992 23.9474560186 23.9355436465 23.9014928315 23.8385048947 23.7625499225 23.6969916201 23.6626866681 23.6738747389 23.7327060211 23.8206306484 23.8961743707 23.9302455248 23.9282761913 23.9090898265 23.8730710212 23.8007008706 23.6794499729 23.5160066907 23.3192778932 23.0869437087 22.7967398252 22.4323101656 22.0134040016 21.6067929582 21.2801261719 21.064017332 20.9474537485 20.8969252138 20.8799521741 20.8674400993 20.8556018503 20.8547760729 20.8821783126 20.9295542674 20.974667911 20.9988911605 21.0021480272 20.9793604205 20.9106648911 20.7791602285 20.6011523993 20 20 20 20.5353271137 20.7134465619 20.8927766484 21.0356409309 21.1160177622
23.9773455632 23.9618891574 23.9568101284 23.9463449333 23.911762544 23.8462779421 23.7642653704 23.6938227526 23.6610923362 23.68009444 23.7464715436 23.8342492903 23.9111128879 23.9571562193 23.9758230853 23.9791554859 23.9600969437 23.8994652121 23.7944722944 23.6625326511 23.5192783222 23.3563881704 23.1387308072 22.8259350996 22.4156798156 21.9579976402 21.5354395025 21.2152660018 21.0226933031 20.9419062881 20.9265847527 20.9301936066 20.9256292063 20.9221877234 20.9340306862 20.9651177688 20.9989584472 21.0180676632 21.014205539 20.980052513 20.8943663363 20.7429039612 20.5544834742 20 20 20 20.5613569282 20.7795219946 20.9904348213 21.1377035941 21.1971233596
23.9075552341 23.9160512725 23.9220773399 23.9163981106 23.8851826141 23.82547065 23.7493469457 23.683132812 23.6545206861 23.677706291 23.7429520693 23.822465365 23.8897950335 23.9333007962 23.9599413559 23.9758544679 23.9703535748 23.926031114 23.8420574377 23.7390026357 23.6365170944 23.5247625945 23.3675874482 23.1211991831 22.7580406773 22.2951200063 21.8039454906 21.3829648307 21.1057212196 20.9810348477 20.9609960576 20.9770976527 20.9878269774 20.9834155103 20.9784327307 20.9870664392 21.0092521624 21.0305131621 21.0293225223 20.9822095716 20.8684450166 20.6914254216 20.4955981371 20 20 20 20.6307123691 20.8817598231 21.1005229061 21.2279732377 21.2467396835
23.8231486974 23.8349172565 23.8555080071 23.8591363796 23.8375087591 23.7926128758 23.7343474529 23.6792884181 23.6516849648 23.6663064785 23.7151005108 23.7743110775 23.8202762682 23.8517564128 23.8804967395 23.9100888937 23.9247168758 23.901703331 23.8396724709 23.7616191263 23.6847292521 23.602387222 23.4857244905 23.2978764165 22.9976911322 22.5679522864 22.0515039232 21.5569413253 21.1973629135 21.0190687263 20.979491879 21.0027099215 21.0265817825 21.0232867356 20.9990200291 20.9825736367 20.9954938227 21.022782303 21.0252350596 20.9624787144 20.8215779853 20.6273628449 20.4380116381 20 20 20 20.6982936452 20.9580183907 21.1641991858 21.2627883981 21.2501872902
23.7179581286 23.7550737281 23.7890082819 23.8061149255 23.8025053546 23.782697927 23.7489534579 23.7080484252 23.6747957168 23.6664687491 23.6840102318 23.7090802684 23.727185221 23.7444555204 23.7799563864 23.8329579734 23.8743986907 23.873904959 23.8293579322 23.7655972765 23.7020545823 23.6332075045 23.5423946946 23.4008319962 23.1659060883 22.7932017792 22.2924091328 21.7584764255 21.3276659877 21.0802470223 21.0016929305 21.0156028431 21.0441867198 21.0395348631 20.9989517854 20.9625376454 20.9653166872 20.9946782891 20.993212517 20.915669122 20.7594477199 20.5656691811 20.3944639255 20 20 20 20.7200432303 20.9641616141 21.1466784497 21.2300182306 21.2140032169
23.6644152786 23.7089364121 23.7520301878 23.7838744302 23.8064024791 23.8183378385 23.8122790462 23.7819985191 23.7373518367 23.6972133124 23.6738675294 23.661146703 23.6536858281 23.6656585982 23.7157109929 23.7961972051 23.8653961529 23.8848670991 23.8534002673 23.7974536143 23.7367051981 23.6713016291 23.5934327721 23.4886442129 23.3135556105 23.0088124525 22.5540775335 22.0177757775 21.531888196 21.205071498 21.0594457623 21.0376344989 21.0532142402 21.0433151418 20.998157102 20.9532136154 20.9468076711 20.9653225185 20.9539337126 20.8685820077 20.7155185803 20.5359134332 20.3829468103 20 20 20 20.6949484449 20.9058702087 21.0675529567 21.1528032939 21.1636679542
23.6963244755 23.7244182707 23.7523630736 23.7915624898 23.8409775307 23.8869741559 23.9068768874 23.8870350951 23.8308859782 23.759682583 23.6936693248 23.6457519061 23.6238596791 23.6410756013 23.7078013518 23.8069304966 23.8940930062 23.9299500698 23.9147812916 23.871212313 23.8126295231 23.7428448721 23.6675246199 23.5849228458 23.45847815 23.2245833495 22.8394887242 22.3342035398 21.8148883845 21.4059249026 21.1690154682 21.0793768274 21.0617664272 21.0472958121 21.0117733996 20.9760068789 20.96280258 20.962340846 20.9356642069 20.8539689723 20.7193715071 20.5605173623 20.4174402207 20 20 20 20.6533925237 20.8345180965 20.9782419543 21.0727670923 21.1168970291
23.7895606518 23.7678643556 23.769356797 23.8049558473 23.8707974187 23.9427389702 23.9880469029 23.983868315 23.9288743611 23.8357428554 23.7331872352 23.6548857858 23.6236822227 23.6472900481 23.7203979311 23.8209300922 23.9091068304 23.9578905967 23.9674290925 23.9498436644 23.9064760428 23.8365844328 23.7561995006 23.6782140579 23.5857264986 23.419511382 23.11773027 22.6646966985 22.1319814888 21.6444896662 21.30279418 21.1266851573 21.0661638941 21.0507588268 21.0384147995 21.0226953054 21.0082647864 20.9877870843 20.9459419913 20.8717413436 20.7638206701 20.6282794878 20.4864720105 20 20 20 20.6359484656 20.8003903044 20.9307589257 21.0202029709 21.0805593762
23.8188546475 23.7793746088 23.7698522187 23.7985346946 23.8647324255 23.947119789 24.0126325025 24.0337570249 23.9933052905 23.8946570078 23.7706675637 23.6703259979 23.6269575179 23.6435492573 23.7046226299 23.7847656952 23.8601738431 23.916265316 23.9558441104 23.9790778956 23.9693812367 23.914737993 23.8297951957 23.7473624068 23.6735271599 23.5669161474 23.3441579661 22.9496371541 22.4140362933 21.8576257731 21.4153764053 21.1562515349 21.05743346 21.048062102 21.062332323 21.0672798207 21.0526775536 21.0154049589 20.9592236902 20.8917836587 20.8090524319 20.6948032559 20.5570819374 20 20 20 20.6641745363 20.8292172676 20.9457540547 21.0127708445 21.0578332417
23.746762106 23.7447398783 23.7456290644 23.7692422421 23.8219790087 23.8948646228 23.9694188628 24.0146695222 23.9966716418 23.907997416 23.7837927179 23.6771633229 23.620746433 23.6157485828 23.6442940123 23.6906864608 23.7431534334 23.8015021602 23.8694076442 23.9359773669 23.9685098154 23.939146753 23.8606890439 23.7762713838 23.7169431658 23.6511204797 23.4905570998 23.1455658627 22.6143818534 22.0086306686 21.4907145662 21.1671970303 21.0422869279 21.0407941138 21.0764471948 21.0943850846 21.0738590984 21.0172307329 20.9451419253 20.8795417192 20.8142597834 20.721691836 20.5929007411 20 20 20 20.7299941583 20.906655578 21.0142054423 21.0495601156 21.0568811372
23.6945926227 23.7186453712 23.726547047 23.738517803 23.7639835871 23.8117452445 23.8783687793 23.9350991938 23.938715424 23.8725818234 23.7666936916 23.6691842577 23.6064254991 23.5747923853 23.5668216851 23.5775426191 23.6092048467 23.6671613355 23.7543075349 23.850893032 23.9117656314 23.9036528546 23.8386502983 23.7659028115 23.7208152116 23.6816087005 23.5582181312 23.2493579682 22.7311834403 22.106571601 21.5467165035 21.1846021272 21.0400446118 21.041770706 21.0887837656 21.108888034 21.072988971 20.9901102821 20.8954311276 20.8231739237 20.7686703223 20.6940111752 20.5847853839 20 20 20 20.7981855861 20.990224662 21.0969124813 21.1123372695 21.0797919505
23.7568465309 23.7556544405 23.7397406805 23.7229956631 23.7140742862 23.7277913198 23.774877278 23.831625548 23.8539214736 23.8164303398 23.7370511015 23.655381949 23.5907171957 23.5439301519 23.5128817998 23.5052863335 23.5273332952 23.5855468152 23.678898312 23.7804074219 23.84302218 23.8371778546 23.7835040973 23.7292201738 23.7034934339 23.6814996253 23.578137352 23.2925661141 22.7947836479 22.1746459965 21.6030585821 21.2208099047 21.0621474207 21.056617982 21.1022476803 21.115320465 21.0592898791 20.9470416763 20.8281970665 20.7428926571 20.6903496312 20.6320988473 20.5460843594 20 20 20 20.8330720456 21.0351244648 21.1503314885 21.1655188186 21.1146459449
23.8844276373 23.8307645671 23.7702477552 23.7154804804 23.6729942981 23.6605276316 23.6913407718 23.7498925046 23.7909544022 23.7803727965 23.7241880018 23.652646368 23.5913715362 23.5451393505 23.519130504 23.5169439919 23.5418457597 23.5980497473 23.6810677091 23.7627981638 23.8007573277 23.780473538 23.7299048662 23.6944029993 23.689219877 23.678703902 23.5821585198 23.3090179017 22.827487805 22.2204775781 21.6519018435 21.2643603953 21.0910927576 21.069852152 21.0993844786 21.0995073195 21.0287656017 20.9016478767 20.7675001558 20.6736096735 20.6201286714 20.5717848804 20.504653288 20 20 20 20.8304342651 21.0303651559 21.1529654525 21.1818716148 21.1370325644
23.9519808604 23.8687929288 23.7759168795 23.6921095467 23.6324319899 23.6128976246 23.6471783477 23.717940858 23.7786847651 23.7880047882 23.7428844467 23.6766993719 23.621502389 23.5947443591 23.5936933118 23.6115441917 23.6435316339 23.6892995515 23.7448479908 23.7880083063 23.7909582022 23.7526103608 23.7076238341 23.6898129516 23.6981385502 23.687275208 23.5815552887 23.3024215103 22.8256131806 22.2310939501 21.67636873 21.2906271616 21.1045442221 21.0553399499 21.0586881725 21.0430500287 20.9739219547 20.855683797 20.7318775706 20.6419658079 20.5898368643 20.5434918938 20.484467278 20 20 20 20.8148297389 21.0002287659 21.1176494251 21.1579694485 21.1328797373
23.8999599517 23.8260011273 23.7345114849 23.6500277201 23.5940546235 23.5900349078 23.6450887845 23.7368935882 23.8139202766 23.8318009207 23.7899229361 23.7258163931 23.6855575766 23.6836367942 23.7086403358 23.7414766261 23.7724950912 23.7988504818 23.8182306736 23.819550854 23.7938336243 23.7519795983 23.7219719514 23.7200593018 23.7292667893 23.7009000467 23.5668724933 23.2638207296 22.7810674761 22.2011463741 21.6681863415 21.2963062299 21.0975305685 21.0172833953 20.9866900382 20.9585126713 20.9020274584 20.8172061372 20.7262493048 20.6543505603 20.6020059873 20.5501645641 20.4874578065 20 20 20 20.8058777179 20.970819186 21.0711130548 21.1103706095 21.105866911
23.7651896984 23.7316987003 23.6717862346 23.6107735079 23.5790280329 23.59917718 23.6794285486 23.7894702079 23.8743520518 23.8937644673 23.8516611475 23.7956574088 23.770137081 23.7855890215 23.8183494398 23.8466631119 23.8616492766 23.8658211164 23.8576103557 23.835193561 23.799633592 23.7663805269 23.7522099547 23.7569847237 23.7546241138 23.699981348 23.5333396102 23.2048637274 22.7161975295 22.1518613437 21.6484496403 21.2967300109 21.096333852 20.9902032694 20.9313258741 20.8899680768 20.850537739 20.8035751663 20.7512564664 20.6963012371 20.6382769765 20.5714300229 20.4992059039 20 20 20 20.8018020218 20.9495502167 21.0302447461 21.0619802162 21.07026069
23.6511029978 23.6525098209 23.6274359153 23.6038541505 23.601506465 23.6457262137 23.7396394322 23.8531045082 23.9372264901 23.9573099042 23.9221744262 23.8739372642 23.8551079492 23.868432847 23.8894388349 23.894220708 23.8851539697 23.871559994 23.859071257 23.8395446541 23.8119461904 23.7838931852 23.7685017591 23.7628748693 23.7448686457 23.6729169525 23.4940119471 23.1604906347 22.6752901092 22.127332368 21.6475493929 21.3182589031 21.1243929878 21.0103131169 20.934750935 20.885485272 20.8545279667 20.831346774 20.7993106604 20.7487548977 20.6784202504 20.5935809975 20.5079096444 20 20 20 20.7941213105 20.9330183926 21.0029223244 21.026450777 21.0365295807
23.6202059483 23.6222661033 23.6290396913 23.6350635594 23.6597290447 23.7191330916 23.8114951568 23.9120724863 23.9863065834 24.0114449391 23.9866192876 23.9427124775 23.9132953803 23.90837023 23.9060325965 23.8898191411 23.8629932818 23.8463621348 23.8429537663 23.8417594577 23.8248898688 23.7935425647 23.759699074 23.733063283 23.7028660259 23.634568398 23.4709406038 23.1542910542 22.6817756375 22.1438925524 21.6790811159 21.3645594016 21.1838985213 21.0755938764 21.001447842 20.9490399948 20.9164388481 20.8908972105 20.8548573209 20.795294006 20.7145811871 20.6191805516 20.5233785597 20 20 20 20.7784324741 20.9173373369 20.9857694963 21.0027222313 21.0072773431
23.6262371677 23.6584829892 23.6770069228 23.6959782274 23.731938955 23.7956890938 23.8770485441 23.95599377 24.0177341886 24.0433846975 24.0257243863 23.9764650819 23.926482591 23.8933538839 23.8747337218 23.8551104143 23.8365783898 23.8274039439 23.8316288776 23.8334339581 23.819719754 23.784480061 23.7386696049 23.6986124328 23.6661082929 23.6114299812 23.4685481358 23.1673073343 22.7006884071 22.1680401939 21.712430671 21.4132330717 21.2479536016 21.1563898653 21.093702261 21.0444301136 21.0011942969 20.9572179792 20.8997842928 20.8283839848 20.7471687592 20.6569605314 20.5584897828 20 20 20 20.7545819785 20.8945338345 20.9657897066 20.9821506694 20.979764855
