travaux_groupes/kilucrue/mnt3.asc
NCOLS 101
NROWS 101
XLLCORNER 0
YLLCORNER 0
CELLSIZE 1
NODATA_VALUE NaN
[rows 0 to 22 of 101, columns 50 to 99 of 101]
24.8812261364 25.2912121506 25.1745088231 24.7842843589 24.3753001868 23.9042069807 23.5120825472 23.4247969693 23.6661374057 24.0000597009 24.1273058876 24.1242135407 24.2151749702 24.4615701041 24.5694894172 24.4980598923 24.2645892519 23.9577895421 23.7389539943 23.6322335421 23.7877037862 24.098247838 24.4204852678 24.467243746 24.3046327032 24.350469216 24.7454767636 25.2445679102 25.4318692825 25.1539157696 24.5834988646 24.0275447886 23.6565949017 23.6791982868 24.1123901197 24.67062742 24.9495964061 24.9128686038 24.7377035002 24.6343977484 24.482122378 24.2625214826 23.9234302076 23.615345011 23.5178406026 23.6036613867 23.8184719818 24.0329397823 24.0106687658 23.8820637171
24.6966293713 25.0706232223 25.0907341008 24.8308197164 24.4292385863 24.0122749159 23.6995131707 23.6233237032 23.799063136 24.0665896454 24.256356275 24.3220430639 24.3700346699 24.4303838069 24.468236094 24.4178281016 24.2912039248 24.1332841243 23.982667991 23.9383966061 24.0441575148 24.2846821637 24.4702044024 24.4727508433 24.3637391708 24.3760666797 24.6400901317 24.9988615309 25.1612110368 24.9727172784 24.5366798159 24.0570941731 23.7569118458 23.7618874273 24.0465165082 24.4017118994 24.6236961791 24.6409192868 24.5682078788 24.4958300613 24.4448443097 24.3099895803 24.0588928666 23.7685437486 23.5867719618 23.6036929142 23.7558712026 23.8847272007 23.9054215127 23.7725241727
24.5096739743 24.8695673941 25.003937226 24.8787006064 24.570818308 24.2100924337 23.941295923 23.8666936034 23.9993436892 24.2476043952 24.455589553 24.5439342371 24.5181111909 24.4516671463 24.3918272285 24.3534071692 24.3336985814 24.3189361081 24.3075499179 24.3238701686 24.417999568 24.5513364301 24.6186019954 24.5361598819 24.378421332 24.3075788873 24.4375555914 24.6769875659 24.809906497 24.6957343527 24.3738945287 24.0215346271 23.8073984109 23.8162498043 23.9881935828 24.1909268285 24.3141915133 24.3396033412 24.3151213243 24.3317163766 24.3971608686 24.4159338339 24.2682631487 23.9830423558 23.728296311 23.6415295753 23.6994137823 23.7771269526 23.7790873596 23.7225888459
24.3643776988 24.7225738871 24.9400322414 24.9529944619 24.7606035542 24.4709569756 24.2338306287 24.15818816 24.2623983898 24.4653218604 24.652277585 24.7163057561 24.6484500066 24.5113805167 24.3862867577 24.3212838831 24.3320089465 24.4090176012 24.5273854714 24.6564741072 24.7613768995 24.8072663026 24.7503430234 24.5871989961 24.365601018 24.2126767102 24.2109814612 24.3306671632 24.4172796662 24.3465598546 24.1353588204 23.9208306744 23.8430990796 23.9180925938 24.0593033505 24.1672434507 24.2033722 24.1881901275 24.1832946772 24.2567091205 24.4214617488 24.5580617064 24.5130442829 24.2675344467 23.9745655047 23.7898395325 23.7359504757 23.7345486924 23.7273870539 23.7229908789
24.3580091345 24.6933927745 24.9515601801 25.0515157204 24.9618430441 24.7472593976 24.5548868479 24.4974306652 24.578219827 24.7335218929 24.8610963596 24.891102405 24.8020759938 24.6358383691 24.4569266147 24.3222286109 24.2753751488 24.3568357114 24.5620790766 24.8038675689 24.9574216781 24.9502656469 24.8099218359 24.5930592708 24.3556649188 24.1465348389 24.0395969959 24.0448987617 24.0832439892 24.0433968718 23.924282114 23.84229341 23.898528528 24.0686762823 24.2274646032 24.2863409465 24.2605681825 24.2189981049 24.2367770752 24.3669274079 24.5829672814 24.7614240767 24.7640935138 24.5666845556 24.2715239656 24.0152826406 23.8530735347 23.7637697632 23.7385918477 23.7808247219
24.5230991332 24.815688641 25.0346527456 25.1426237615 25.1072922529 24.966296807 24.8335410308 24.8080076825 24.8980894683 25.0238100625 25.1128730131 25.1159468111 25.0182549527 24.8341902329 24.599702852 24.3636329029 24.2064283775 24.2235789017 24.4375985325 24.7374952233 24.9354176602 24.9321803651 24.772984625 24.5684919685 24.3638839316 24.1583808164 23.985214204 23.9051896488 23.8970693286 23.8809148349 23.8321980185 23.8362976166 23.9733083367 24.1937382079 24.3577971835 24.3880069296 24.3341638379 24.3114470812 24.3968417359 24.5989115893 24.8390595822 24.9884120321 24.9625575264 24.7684839904 24.484444624 24.2007176078 23.9745528241 23.8337801209 23.7955789939 23.8543669872
24.7804618704 25.001190673 25.1263627848 25.167320778 25.1270186037 25.0295579861 24.9454638009 24.9612605392 25.0748984772 25.2208626405 25.3177677832 25.3301461494 25.2465473013 25.0611246521 24.7836695908 24.4622963064 24.1985049287 24.1178378122 24.2682676544 24.533794196 24.7303652342 24.7518014727 24.650585088 24.5251198594 24.4035404898 24.2490812881 24.0680389583 23.9286562116 23.8701480269 23.8479531066 23.8323368556 23.8700478681 24.0143525738 24.2174474756 24.3591643563 24.3744111847 24.3310248368 24.3502976114 24.5094830837 24.7734856305 25.02272041 25.1220999268 25.0241783104 24.7903799848 24.5134642618 24.2495304917 24.0383338953 23.9149088902 23.9062354363 23.9652060971
24.9601290923 25.1105258023 25.1395387499 25.0909923334 25.0005382188 24.8897050077 24.8247784832 24.8586753624 25.0031813092 25.1873584114 25.3420437581 25.4166174107 25.387353435 25.2355816132 24.9638758546 24.6116423808 24.283965205 24.1178055769 24.160713446 24.3222745624 24.4461055607 24.4793199896 24.4663921568 24.4689489565 24.4630998066 24.3875983586 24.2360004373 24.0707420152 23.9453809334 23.8698529153 23.8332401945 23.8571077589 23.9676219469 24.130954931 24.2560631516 24.2898638845 24.2734719458 24.3115144944 24.4750183508 24.7436859706 24.9851300874 25.0578317535 24.9186164294 24.6555587211 24.3890286465 24.1866564677 24.0521368307 24.0071308842 24.0569465702 24.1632435683
24.9599060812 25.0597406138 25.0329999363 24.9288877131 24.7776923739 24.6305518087 24.541817072 24.5751204321 24.7221421011 24.9450203733 25.1666244445 25.3325219882 25.3908519481 25.3158259398 25.0973160374 24.7726714049 24.4362329771 24.212689701 24.1552814555 24.1795858049 24.1985324527 24.2038349659 24.2713946698 24.4029607307 24.5140128188 24.5190507352 24.4094055445 24.2362668339 24.0539312259 23.8928599011 23.7865338177 23.7675140794 23.85005332 24.0036849404 24.1529847697 24.2296123856 24.2334936546 24.2328540906 24.3215268099 24.5171995692 24.7267297072 24.8084363795 24.7037679574 24.4786955222 24.2643394311 24.1321826207 24.0924991113 24.1242711315 24.2197808316 24.3547606892
24.8414042659 24.8970055669 24.8509676455 24.7265418898 24.5549532121 24.3780431529 24.2742379335 24.2846512913 24.4266914396 24.6556567221 24.9219786765 25.1489490043 25.2900259924 25.300304927 25.1652025576 24.9043938735 24.6021499867 24.3643407468 24.2219929221 24.1277676709 24.0362204588 24.0154457902 24.13137947 24.3493006223 24.5328795108 24.5765474324 24.4895443191 24.3258081412 24.1195419098 23.9049747533 23.7380361348 23.6832443397 23.767575676 23.9511354746 24.1417659624 24.2499180164 24.241766155 24.1764876325 24.1546193297 24.2372601204 24.3833917949 24.4883576127 24.4820010565 24.382083154 24.2624178078 24.2010964265 24.211421286 24.274107945 24.3665842116 24.468756157
24.7658415089 24.7669534395 24.6878808919 24.5567692863 24.3807566148 24.215995603 24.1139294054 24.128661542 24.2599560254 24.483538573 24.7363395474 24.9717512203 25.140342653 25.2145062982 25.163392795 24.9927923071 24.7623462573 24.54066618 24.345208214 24.1512495947 23.9953190843 23.969133923 24.1190744549 24.3512524709 24.5059065304 24.510363071 24.4063343547 24.2683540967 24.10901547 23.9242879217 23.7680007198 23.7257084426 23.8345936775 24.0397336958 24.2358433571 24.3282350668 24.2894538914 24.1683822551 24.0642894715 24.0455018901 24.110747012 24.2233013116 24.3280149346 24.3813951571 24.3815070453 24.3645010513 24.3746499994 24.416773839 24.4790450155 24.544292677
24.8237275139 24.7643330404 24.6302455279 24.4562296804 24.2760026655 24.1225987562 24.051666557 24.0881894757 24.2319941685 24.435101688 24.6450420142 24.8293697766 24.9812031268 25.0816923581 25.1060865447 25.0450295241 24.9158515912 24.7399562206 24.5147638588 24.265782425 24.0928491077 24.0979935479 24.2608147202 24.4311294704 24.4602348952 24.3415921222 24.1988540646 24.1110233348 24.0619472073 23.9928571308 23.9173875436 23.9226197107 24.0438135819 24.2176552364 24.3521599634 24.3928178058 24.3271491203 24.1955240692 24.0666684384 23.9888564252 23.9959783962 24.0949551905 24.2604580108 24.4163282029 24.4932744718 24.491111081 24.4620427327 24.4626298493 24.5227737605 24.6238137071
24.934206819 24.8497906766 24.6579573745 24.4323544785 24.2207945541 24.0778325799 24.0330824135 24.0973544363 24.2454196504 24.422685878 24.581052249 24.7043649879 24.8139412792 24.9206967213 25.0132987735 25.0705339499 25.0642794952 24.950795366 24.7249367727 24.4693066993 24.3228712522 24.3641288866 24.5158335286 24.5813231359 24.4506001364 24.2085202197 24.0270531904 24.0063012722 24.0774719079 24.1333152821 24.1511010568 24.1895694263 24.2747652881 24.3575480687 24.3927789671 24.37392617 24.309211534 24.2170828843 24.1192995275 24.0532259936 24.0453513883 24.1282963623 24.2821877371 24.4338692313 24.5003103915 24.4639400354 24.3860517982 24.3536029746 24.4292116113 24.6143518988
24.9541760087 24.8814015833 24.6874654497 24.4370463132 24.2162301903 24.0863939667 24.0668262916 24.1322995259 24.2464529768 24.3803020354 24.4924795077 24.5740517517 24.6491944037 24.756367258 24.9119790468 25.0887229115 25.1957201633 25.1478496496 24.9457366987 24.7159452483 24.6126070066 24.683823546 24.7952894794 24.7703398998 24.5456140145 24.2424967973 24.0601788763 24.074352582 24.2076830147 24.3277340436 24.3911387178 24.4217207689 24.4297776514 24.4006134682 24.3390911606 24.2763516963 24.2288065654 24.193204508 24.1795885516 24.1803589234 24.2107971787 24.2775850508 24.3707500626 24.4300956723 24.40484298 24.3004927289 24.1765437744 24.1202927885 24.1961043337 24.3822656362
24.8112877222 24.7818676564 24.6335571858 24.4376304504 24.2649663158 24.1828927755 24.1835004068 24.2208496234 24.271657717 24.3302546212 24.3972133325 24.45735689 24.5190882528 24.6374479855 24.852092644 25.1128584073 25.2993222634 25.2967743478 25.1277773008 24.9366977692 24.8787251016 24.9525929524 25.0311842043 24.9680608602 24.7420986594 24.4710027943 24.3010732717 24.3010618355 24.4076561197 24.5193308529 24.5756739773 24.5729712804 24.5076242021 24.3909249048 24.2658891382 24.1712358671 24.1244151913 24.1347881119 24.1976592341 24.2939224498 24.3769669968 24.4379249691 24.4534330371 24.3974877611 24.2669243681 24.0949624127 23.9416815804 23.8722621657 23.9168788162 24.0357765785
24.5798990995 24.5723097589 24.5028019058 24.4150839666 24.3562705339 24.3485465267 24.3703860047 24.3754453576 24.353672738 24.3356947631 24.3467802811 24.3856238027 24.4594402643 24.6057605981 24.8575126759 25.156426212 25.3595089418 25.3762411575 25.2383507548 25.0951619235 25.0595078253 25.1252401685 25.178812523 25.1318285753 24.9779400973 24.7782830691 24.6248367313 24.568572326 24.6003595839 24.6537487413 24.6799433 24.6449009036 24.5418005592 24.3916394575 24.239821589 24.1250570398 24.0601823829 24.0685561491 24.1670421621 24.3097866119 24.439319436 24.4953957034 24.4553487867 24.3184301499 24.1101730186 23.8979806168 23.7458686271 23.6922528612 23.7329932083 23.7943117416
24.3776347502 24.3573445885 24.3427307962 24.3659073265 24.4206303226 24.4952105971 24.5463704054 24.5385753496 24.4734441328 24.3985298884 24.3577292724 24.3735389587 24.4560750781 24.6372858814 24.9146942991 25.204675417 25.3857928608 25.3927434901 25.2876948498 25.1812979231 25.1518809075 25.1860178938 25.2192257868 25.2063598975 25.1416865784 25.0351415867 24.904413615 24.8003363335 24.7469666274 24.7297593324 24.7036618558 24.6464838185 24.5408700294 24.4026453449 24.2675570264 24.1493534676 24.062841806 24.0406705275 24.1010221663 24.2332128819 24.3649423387 24.4248267413 24.3674424631 24.1815316809 23.9240287494 23.6869371902 23.563142964 23.5750336267 23.6771421346 23.789514174
24.2956039217 24.2264201738 24.2137541418 24.2774086627 24.3965669323 24.5326094058 24.6317749146 24.6409537113 24.5741718628 24.4800300765 24.412414165 24.3954251483 24.4695584963 24.6682699128 24.9627768477 25.2449172883 25.3943509698 25.3904263638 25.3011889494 25.2144762654 25.1666985908 25.1473210808 25.1402624571 25.1462032841 25.1677620698 25.1651415628 25.1024050672 24.9901305899 24.8769678719 24.7754786737 24.6824458582 24.5881538331 24.494499358 24.4010321461 24.3066254352 24.2105786816 24.1205307019 24.0578628577 24.0565071995 24.1164076239 24.211991377 24.2759469483 24.2181607771 24.0078636449 23.7019224838 23.4475738296 23.3569577155 23.456470341 23.6707515486 23.8888079811
24.3453225489 24.2207595163 24.1554371537 24.181688416 24.2974903996 24.4682388061 24.6172614399 24.6807069696 24.64286211 24.5626998603 24.4807262405 24.4369590319 24.4811113216 24.6633524641 24.9594416086 25.240265537 25.3879923663 25.3824842726 25.3017742399 25.2115456593 25.12176279 25.0328104227 24.969666015 24.9776890065 25.0633936146 25.1699138068 25.2085517555 25.1469600907 25.0091885791 24.8377810406 24.6615739287 24.5147187002 24.4237803134 24.373719471 24.3240499855 24.257439623 24.1784951715 24.104080612 24.0418080691 24.0140421653 24.0406221699 24.0832191829 24.0360093347 23.8172895563 23.4960953123 23.2232158649 23.1489127365 23.3046630876 23.6138537682 23.9445113308
24.4614264581 24.314121136 24.1882828203 24.1472012003 24.215820701 24.3823064069 24.5764659219 24.6971270431 24.7120045723 24.6425913619 24.5561750301 24.4963787354 24.5118409741 24.6515510489 24.8982984239 25.1575464012 25.3084325468 25.3289217562 25.2665190915 25.1673311532 25.0385203505 24.8907174875 24.7839350682 24.7787260867 24.8912555997 25.0658686834 25.2014680899 25.2208302069 25.1145533321 24.9162910239 24.6798521117 24.4850746704 24.3809474124 24.3425158484 24.3066693944 24.2492882759 24.1900933602 24.1270620579 24.0375728692 23.9350606505 23.8765584262 23.8729182215 23.8317625413 23.6592541429 23.3670258889 23.1028383888 23.0105389186 23.1669649421 23.5193307626 23.912217741
24.5398608353 24.4272732333 24.2948113622 24.2090043762 24.2280512855 24.3652099474 24.5622887124 24.7225137458 24.7640420746 24.7097663057 24.627771186 24.5782834124 24.5870479982 24.6639596232 24.819263122 24.994838589 25.1249168939 25.1720006747 25.1536916107 25.0799040943 24.950915129 24.7907742404 24.656604957 24.6187749715 24.7018710931 24.867967532 25.0427877327 25.1421421489 25.1157034539 24.9540396019 24.7206183617 24.5150448099 24.3976274285 24.3338276871 24.2665768265 24.1912841029 24.1454040165 24.1164448191 24.0397246964 23.8968575743 23.7611093983 23.6959551424 23.6649845481 23.5660505337 23.3661550967 23.1347582644 23.0280654396 23.1560630684 23.5126873769 23.9465506863
24.5121233705 24.4731590841 24.3935246061 24.3230373 24.321150182 24.4212829483 24.5902848379 24.7311206229 24.7739637116 24.7264790986 24.6739942115 24.6683239745 24.6865835152 24.7181316973 24.7637091419 24.8351190586 24.8990125115 24.949399122 24.9839500214 24.9848488299 24.9195356871 24.7848782718 24.6333524493 24.5331228447 24.5206142843 24.5971258711 24.7347118577 24.8883270082 24.9637320826 24.8971285378 24.7234111992 24.5514277079 24.4315075426 24.3331862748 24.2175774257 24.1204035818 24.0939058231 24.1171788796 24.0853254966 23.9416262966 23.7524624008 23.6285208807 23.5911546325 23.5688713243 23.4734991311 23.3239758237 23.2412669265 23.3728337349 23.7385688113 24.175412179
24.3745557729 24.4010922348 24.3937210467 24.3819760958 24.4047749615 24.4915789449 24.6274270614 24.7342709084 24.742638321 24.6927479356 24.6760329709 24.7219313146 24.7812632944 24.7957547367 24.7848800261 24.7639702222 24.7506860627 24.765007494 24.838655046 24.9400685886 24.9787492251 24.9012962234 24.7324065423 24.5387615542 24.3841060155 24.3100753596 24.3661362895 24.5383298373 24.7120690351 24.7574874373 24.6689260984 24.5321563195 24.4078434144 24.2829620736 24.1538121429 24.0705733057 24.0945048319 24.1811731293 24.2008380796 24.0703019352 23.8527426494 23.6822500127 23.6332312921 23.6560108017 23.6636836835 23.6258155187 23.6334460186 23.8120292632 24.182960265 24.6155556791
