travaux_groupes/kilucrue/mnt3.asc
NCOLS 101
NROWS 101
XLLCORNER 0
YLLCORNER 0
CELLSIZE 1
NODATA_VALUE NaN
[rows 46 to 68 of 101, columns 50 to 99 of 101]
24.7209872171 24.5813019858 24.5068754193 24.5348124459 24.6113965753 24.6660932511 24.6704295303 24.680077665 24.7449640773 24.8404010015 24.883879071 24.860555465 24.8557096556 24.9410943671 25.0933022289 25.2839736793 25.5461528064 25.9282232409 26.3644257432 26.7139970744 26.8520862218 26.737539343 26.4432968325 26.0544635885 25.6644693271 25.3788689872 25.347192946 25.6367600399 26.1070527827 26.5073333959 26.6102155029 26.4019114437 26.0389103711 25.7411583813 25.6699753899 25.8365216637 26.134715089 26.4621089987 26.7649893871 27.0531166483 27.3251348579 27.5743398455 27.7032220805 27.6052186412 27.249059583 26.7604103926 26.3111991098 26.0263742395 25.9076737779 25.8868845059
24.9681965488 24.9104970393 24.8801581353 24.8925118296 24.9144907474 24.8838600731 24.7954838389 24.7196913291 24.7375682272 24.8308656066 24.9013981424 24.8995161431 24.8826390551 24.9136202257 24.9994588703 25.1419333927 25.4088142422 25.8188008938 26.2892883848 26.6541278638 26.7957958066 26.7093731606 26.4831858758 26.2235174727 25.9377385213 25.6606009351 25.5462136451 25.7424514149 26.2036043314 26.6674609326 26.8785406674 26.7181831686 26.2840235236 25.8242115586 25.5643603707 25.5973791228 25.8801325778 26.311412332 26.7999633986 27.2536639078 27.6189091131 27.8523111314 27.9438967834 27.8483985741 27.5459442646 27.070629744 26.552867754 26.1132422181 25.8170048352 25.6399594143
25.1234731435 25.1527329738 25.167996727 25.1763431958 25.1550221908 25.0549589776 24.8736664249 24.7025245376 24.6497495136 24.7262471363 24.8392142845 24.9058070765 24.9290513625 24.9618612321 25.020506645 25.1480441925 25.4099850423 25.828080204 26.288662686 26.6412586654 26.7686940558 26.6848333172 26.524219249 26.3911884459 26.2565494823 26.0613327787 25.9201959229 26.0299356774 26.4020119175 26.8362963974 27.0697613003 26.9458403369 26.4994438239 25.9475345921 25.5517874525 25.4751044595 25.7305663823 26.2299743537 26.8214381707 27.3655264962 27.7556810652 27.9839887961 28.0870794919 28.0892780956 27.9271921318 27.5485618019 26.990887036 26.4026291696 25.9066700917 25.5877808193
25.074013487 25.1611866968 25.2065422301 25.2022897535 25.1383486633 24.9896063586 24.7631124663 24.5540508875 24.4829633135 24.5824705057 24.7667016064 24.9221488481 25.0197162587 25.0790554501 25.1456267179 25.2701357913 25.5222892886 25.9032302846 26.3344812927 26.664049672 26.7885659551 26.7178080447 26.6006412791 26.5559927859 26.5379271175 26.4489445465 26.3456776983 26.4057488362 26.6747608624 26.9978144056 27.16774493 27.044980226 26.635218226 26.0944123981 25.6660032825 25.5333616722 25.7610394269 26.2503648043 26.8275132169 27.3172046109 27.659991271 27.8920694096 28.08566789 28.237865662 28.2346439221 27.9400763838 27.3614845776 26.6374662458 25.9864842145 25.5262165495
24.8369904769 24.9598249548 25.0233890773 24.994268329 24.8777592017 24.6897669623 24.4748256882 24.3174658878 24.3152676132 24.4891906315 24.749073971 24.98150974 25.1275667003 25.2095894412 25.2799537944 25.4109312433 25.6415700959 25.973393247 26.3426311925 26.6463421504 26.7734261695 26.7323604967 26.6494140777 26.6515261878 26.7050539886 26.7078657857 26.6812793077 26.73777566 26.9154387278 27.1044676782 27.1571648635 27.0142135592 26.6883286201 26.2754764414 25.9286340387 25.8204045733 26.013506754 26.4294027819 26.8758652664 27.2211888244 27.4590383947 27.6881860612 27.968109997 28.2342611048 28.3251144264 28.0800468967 27.4723114939 26.6899743307 25.9499221906 25.4307332852
24.5315475421 24.6819179299 24.7657105249 24.7208229983 24.5502610218 24.3360411265 24.1670667339 24.1176279824 24.2309299814 24.4891469489 24.7988095427 25.0516471028 25.1976180221 25.2608067823 25.3284115283 25.4705568142 25.7022405394 25.9882174443 26.2823758914 26.5218269279 26.6395321134 26.6238175339 26.5840944783 26.6182595432 26.7119035586 26.784790448 26.8291857532 26.9014868342 27.0002073227 27.0495223954 26.9979464208 26.8546338427 26.6664594002 26.459634001 26.2944619372 26.2735984042 26.4464483816 26.7320454073 26.9981889196 27.1616487006 27.2826591944 27.4673984177 27.7541070584 28.0492218062 28.1692988104 27.9441266129 27.3554258661 26.5636485862 25.8421120309 25.3195922642
24.2685043 24.4449141934 24.5525535768 24.5099594329 24.3253736183 24.1215097281 24.0260961219 24.0831788012 24.2810303806 24.5679568043 24.8577516102 25.0620547999 25.1523601679 25.1839328308 25.2518916991 25.424546446 25.6818138493 25.9469552855 26.1696337363 26.3241963728 26.3937777814 26.3948753352 26.3953858075 26.46732737 26.5855969185 26.7033172607 26.8028126863 26.8734567279 26.8852598178 26.823594406 26.711749867 26.6201633099 26.583814595 26.5819569646 26.6105564487 26.6977629908 26.8585053033 27.0247508111 27.1037620598 27.1022371238 27.0972809895 27.2004193671 27.4303488333 27.6996666912 27.8306107031 27.6496161312 27.116340301 26.4112813027 25.767761042 25.3446871974
24.1069217641 24.2823618624 24.3997592264 24.3758283185 24.237384065 24.1148563732 24.1214836714 24.2611619482 24.4729031844 24.6940649065 24.8688003655 24.9583921405 24.9751844439 24.988119649 25.083634286 25.2924693806 25.5634282428 25.817596862 25.9960334576 26.092204878 26.1191257919 26.1233498102 26.1674323595 26.2757297949 26.4378980287 26.604067401 26.7291894109 26.7662778491 26.6984947762 26.5669328745 26.4603048511 26.4362908023 26.496962818 26.6014173302 26.7165750938 26.859034479 27.0117996511 27.1003897323 27.0695357189 26.9391000519 26.836492054 26.8515759756 27.0257762889 27.2758250419 27.4273513854 27.3125212972 26.9131756228 26.3777579849 25.9315885972 25.6504730129
24.0387938124 24.1733675243 24.2631213485 24.2712411677 24.2297328096 24.2452290162 24.3726985801 24.5745261339 24.7534687836 24.8471007412 24.8438281913 24.7801813686 24.7203175473 24.7379403441 24.8656186416 25.0796946281 25.325747904 25.5440668196 25.7081863878 25.8041361471 25.8479173429 25.8819187182 25.9668549481 26.1398246226 26.3768701913 26.6169502065 26.7557692514 26.7374244974 26.6070608256 26.4672813102 26.3962641508 26.4140192734 26.4812129889 26.5451681487 26.6012396508 26.6883395274 26.8041940246 26.8792729348 26.8331020712 26.6974629625 26.5547716772 26.5327872748 26.6666713251 26.8948304857 27.0611356442 27.0379291097 26.8314602692 26.5769133171 26.4105576492 26.3776021126
24.0177684873 24.0808754375 24.1268931723 24.1687109431 24.243386335 24.3950440872 24.6319538417 24.8759145421 25.0256635021 25.0078483956 24.8428967535 24.6244069431 24.4846197645 24.4904996346 24.6184468314 24.8018437525 24.9852172733 25.1586279945 25.3201987716 25.4654060056 25.5786862917 25.6751893191 25.814610687 26.0550184209 26.3979875304 26.7223697219 26.8818609523 26.8336717234 26.6818780672 26.5632410602 26.526937149 26.5470864599 26.5608270846 26.5143755047 26.4231546732 26.3609109113 26.3961230151 26.4780282012 26.5320379363 26.5007213602 26.436411644 26.4102363581 26.4897937772 26.6459038847 26.8017045124 26.8922034073 26.9198332171 26.9646769986 27.0992328955 27.3013260955
23.9802960297 23.9907070527 24.0056234984 24.0785391304 24.23686565 24.4826759028 24.7768698932 25.0457176244 25.1842141495 25.1256553745 24.8782896346 24.5632083602 24.3385423465 24.2918447397 24.3806136109 24.5126747286 24.6488128352 24.7951825246 24.9728377257 25.1702983246 25.3550355586 25.5073238647 25.6775840925 25.9715381733 26.3854675748 26.7739331826 26.9700847693 26.9479393765 26.8349224462 26.7611711307 26.7515762888 26.7553846329 26.7227864383 26.5996584377 26.3695759715 26.1495743699 26.0680182736 26.1737521626 26.3514873232 26.4961211085 26.5483283477 26.5398004271 26.5240257779 26.5709253299 26.7066754978 26.9121256922 27.1575536993 27.4295326162 27.719716822 28.0206035013
23.8891688877 23.8934852135 23.9202663231 24.0179370561 24.2050281323 24.4696087455 24.7680749255 25.0260779527 25.1638520451 25.1210815406 24.8971488767 24.5819694844 24.3201356561 24.2064021318 24.2266727163 24.3135171283 24.4258215622 24.5757977372 24.7724876587 25.0062166564 25.2264232848 25.3963449824 25.5720262916 25.861946588 26.2745453563 26.6646244069 26.8809133456 26.9301210412 26.9280333981 26.9562226021 26.9936176183 27.0018826705 26.9565373395 26.8058777348 26.521296001 26.1921123417 26.0377480291 26.1431433264 26.4192976972 26.6703247654 26.7884517309 26.7657439281 26.6810540126 26.6506486164 26.7835655604 27.0841113669 27.4678294601 27.821852336 28.0808748939 28.2562031123
23.7738236188 23.8137221886 23.8961819256 24.0214177623 24.1905548097 24.4059665162 24.6463838271 24.8576918013 24.9858662646 24.9838959684 24.8510854716 24.6340933172 24.4240013728 24.2878375122 24.2421472577 24.2636165063 24.3393434014 24.4701137276 24.6699081952 24.9158971105 25.1544404198 25.340781584 25.5166543649 25.7644546343 26.0998544355 26.4111596664 26.6133087769 26.7483505593 26.9155512251 27.1083724944 27.2477163186 27.289571031 27.2466677859 27.0983600347 26.8068576132 26.4724880498 26.2965272313 26.4063314248 26.6768130032 26.8985198671 26.9557939362 26.878016608 26.7716118292 26.7637777286 26.9366120135 27.292909491 27.7055178567 28.0153240968 28.1443645676 28.1106577329
23.7375135283 23.8314998562 23.9815716684 24.1380941932 24.2697243381 24.4004953293 24.544174903 24.686466612 24.7859741831 24.8249635927 24.7888776865 24.7064957404 24.6077327984 24.5138217082 24.4175987833 24.3359506425 24.3034880223 24.3590091875 24.5172687866 24.7611329328 25.0248461785 25.2591234384 25.462664252 25.6845418916 25.9191035998 26.1295185762 26.3058571873 26.533297424 26.8697809798 27.2400583941 27.4992395207 27.5938832689 27.5507376487 27.383793024 27.1070188662 26.8223109898 26.7022788917 26.7965693733 26.9767023919 27.0488622899 26.9421918883 26.7608364139 26.661697751 26.7307878043 26.9796640284 27.3474402257 27.7084682543 27.9261279024 27.9326844221 27.7983603216
23.8859647629 24.0200810983 24.2156426577 24.3816069482 24.4764327086 24.5292732022 24.5955609799 24.6727448214 24.7469531322 24.7928370334 24.8191697454 24.8249910781 24.8210706554 24.770799678 24.6369680163 24.4303034316 24.24298808 24.1732731758 24.2612073539 24.4767424322 24.7609714186 25.0492751996 25.3210516652 25.5608318667 25.7655149405 25.9294983432 26.1190254718 26.4289956368 26.8834501853 27.3631638911 27.7012676407 27.8255636337 27.7548827346 27.5322940275 27.2478328635 27.0420048536 27.0130758811 27.1191870156 27.1996468058 27.0996783792 26.8146499978 26.5120366603 26.3927951816 26.514847027 26.797889952 27.1253740528 27.3986311188 27.5171445791 27.4572770705 27.3002717756
24.2105747485 24.3637894733 24.5514403817 24.6967471313 24.7522701389 24.7706256114 24.8085624051 24.875450448 24.9270166992 24.9597614076 24.9763087315 24.998422607 25.0037064987 24.9502074755 24.7711036708 24.4718884372 24.1604859593 23.977616729 23.9831334347 24.1481328955 24.4096427955 24.726792864 25.0593255121 25.3713290899 25.6206968332 25.8332974989 26.0814270707 26.4480324621 26.9354072218 27.4315499732 27.78450994 27.8957211527 27.753830487 27.4389313887 27.1146463546 26.9716312535 27.0608708413 27.2588767652 27.3438064501 27.1687802449 26.7732654642 26.3802565053 26.2020693204 26.2767188048 26.4821114965 26.6939440943 26.8368536971 26.8627798333 26.7323890011 26.5335789486
24.569579515 24.7208204828 24.8696987542 24.9667762934 25.0008245837 25.0182351228 25.0845828395 25.1784502771 25.2390335509 25.2344890563 25.2025927495 25.1608700948 25.113285979 25.0074488404 24.7909339661 24.4597036571 24.1073499855 23.8666752524 23.807609047 23.9068345397 24.1199059576 24.4134723681 24.7598129879 25.1134795788 25.4431641881 25.7379946642 26.0534758682 26.4329787958 26.8796516013 27.3409893085 27.6870450719 27.7751978241 27.561041058 27.1461597277 26.7669474069 26.6509234867 26.8716004296 27.2417117568 27.4731080255 27.3753530807 27.0046962201 26.5804422126 26.3077374959 26.2233763739 26.2309887045 26.2455163563 26.2309399906 26.1284192151 25.9016039023 25.6071307965
24.7778439542 24.931264353 25.0440265473 25.1087988314 25.1328759442 25.178095141 25.283616653 25.4161016665 25.4906690397 25.4695982512 25.3701331863 25.25062492 25.126228917 24.9764347056 24.7507689141 24.4374738926 24.1019327348 23.8571448596 23.7702222278 23.8289048487 23.9888689081 24.211006827 24.4797167027 24.7991560214 25.1450240306 25.4951959381 25.8258926892 26.1666521194 26.557988028 26.9929006609 27.3596083419 27.4735589892 27.252103817 26.8130931703 26.4116447212 26.323559406 26.6353743883 27.1734968476 27.5990790784 27.6988471188 27.4747784462 27.0927775139 26.713972717 26.4018514814 26.157596026 25.9595509935 25.7724937945 25.5325517717 25.2014826021 24.8238125509
24.7746007762 24.9357308954 25.0464192139 25.1005282606 25.1333812757 25.2000435017 25.3250994307 25.4656133945 25.5513439857 25.5235154563 25.3950411121 25.2233729481 25.0652466202 24.9111597912 24.708331303 24.4245504936 24.1151327776 23.8931216077 23.8222889706 23.8815428786 23.9906621507 24.0987007268 24.2244232488 24.4217658326 24.711436498 25.0271275395 25.3165372449 25.5935120039 25.9407051248 26.383102677 26.7949337115 26.9883516834 26.8712615267 26.5409581611 26.2340206031 26.1963202765 26.5408640409 27.1286474921 27.6844115773 27.9692242354 27.9353075714 27.6442365843 27.1938517138 26.6907479374 26.2288204752 25.8581657388 25.5392836178 25.1996698614 24.8187131947 24.4455440667
24.6530682546 24.8191740617 24.9360765491 24.9958256877 25.035081041 25.1039688213 25.2112860791 25.3308766148 25.4030394457 25.3809646674 25.2584985003 25.0959853341 24.9551506396 24.8368625818 24.6705890974 24.409383728 24.1196561251 23.9242320531 23.8938617072 23.9655870782 24.0271245157 24.0202423166 23.9991380524 24.0597905482 24.2336491851 24.4663747147 24.6840303418 24.9069803948 25.2204309499 25.6538669065 26.0977346401 26.3890156047 26.4566295209 26.3571651206 26.2472343181 26.3035489347 26.6193023381 27.1429824036 27.6783171905 28.0438639693 28.1341307437 27.9347403128 27.4897747769 26.9087032847 26.3336028227 25.8608145945 25.4735705644 25.1129876615 24.7640896778 24.4692027807
24.566371537 24.7111112982 24.8099242011 24.8594424977 24.8923510704 24.9465065524 25.0284787325 25.1135038107 25.1724963912 25.1570846277 25.0635457735 24.9353599089 24.8307422049 24.748677374 24.6193389779 24.393691124 24.1234755781 23.9445113957 23.922887069 23.9920616738 24.0201566486 23.9595066864 23.8595721338 23.8175047268 23.8841486308 24.0350401277 24.2146699932 24.4151073123 24.6935693129 25.0779615393 25.5117906839 25.8857117299 26.1410740677 26.2966739954 26.4101469157 26.5630307959 26.8290985596 27.1973482332 27.5925075132 27.8956721812 28.0074479835 27.8703535094 27.4956591313 26.9512164799 26.3752401609 25.8732127749 25.4819488553 25.1587101456 24.9003296187 24.7315050335
24.5979949771 24.6910652225 24.7319862585 24.7393302495 24.7543460919 24.7995575013 24.8743449445 24.9675478321 25.0326456105 25.0358184758 24.959951101 24.8416024566 24.7376932301 24.6603323074 24.5623926801 24.3858097319 24.1508450159 23.9593869279 23.892820389 23.9213251239 23.9524433337 23.9107445299 23.813754745 23.729335942 23.7343115166 23.8515020078 24.0501655546 24.2899433968 24.5674516146 24.9101578697 25.3089757855 25.7263286839 26.1147718956 26.4524179295 26.7262111554 26.9428292579 27.1235524307 27.2951632607 27.4643695306 27.6086381933 27.6627253233 27.5658911867 27.2739695864 26.8259491767 26.3074572705 25.8434410691 25.4805690337 25.2424712658 25.1038999842 25.0461032034
24.7177344074 24.7491048478 24.7125216743 24.6724557422 24.6671172235 24.7162793265 24.8270444996 24.9691179351 25.0879875756 25.1095901439 25.019557711 24.8626459741 24.70237669 24.587025181 24.4979018575 24.3732291359 24.1831020422 23.9731989753 23.834490118 23.8083391794 23.8425428798 23.8540702426 23.7984478034 23.7254284023 23.7223477876 23.8559527851 24.1249251912 24.4749736844 24.8481723183 25.2198000021 25.612862253 26.0330710639 26.4694271363 26.871585071 27.1942314805 27.4006068371 27.4703926021 27.4334020535 27.3586553063 27.3101941959 27.2808705523 27.1855226171 26.962673847 26.5973475476 26.1658169311 25.7618431124 25.4865704483 25.359852616 25.3659210367 25.4067294434
