travaux_groupes/kilucrue/mnt3.asc
NCOLS 101
NROWS 101
XLLCORNER 0
YLLCORNER 0
CELLSIZE 1
NODATA_VALUE NaN
[rows 69 to 91 of 101, columns 0 to 49 of 101]
23.9662878253 24.2414801675 24.5370513419 24.7108849769 24.7482580097 24.7842341458 24.9683703348 25.3832211547 26.0191381548 26.7457031806 27.3620272046 27.6785978468 27.5917545468 27.1804344966 26.6591288068 26.220609677 25.9753221465 25.9471203778 26.1487541894 26.4985682507 26.875606283 27.1939690368 27.4551399768 27.644978825 27.6593490799 27.3956514089 26.8800528926 26.3351019952 25.9996474502 25.972583936 26.1689810212 26.4058656164 26.5042225544 26.3948924104 26.1145846627 25.7511395289 25.4004600086 25.1236423675 24.9152087024 24.6880119771 24.3333169332 23.7730878386 23.0458158046 22.358626242 22.0238784983 22.2260592086 22.8616399296 23.6449646961 24.2954080421 24.6927924396
23.7473177983 24.040657457 24.3124103659 24.4195591938 24.4115286383 24.4367439107 24.6186642682 25.0119559182 25.5981951973 26.2982912407 26.9489090746 27.324861688 27.2788178932 26.8498390649 26.2552410637 25.7621519437 25.5262504011 25.6247754582 26.0041248637 26.4961792792 26.9027370476 27.1644255665 27.3291902518 27.418532992 27.3666425378 27.0679452207 26.5439307875 25.9865652327 25.6491486367 25.6395120893 25.8678536056 26.1314774225 26.2592131329 26.1843602662 25.9513787395 25.6426054852 25.3304817483 25.057950639 24.8187019073 24.558283765 24.186157546 23.6340221123 22.9182532727 22.2390009043 21.9022132614 22.0893470141 22.7243369333 23.5421994729 24.2758213695 24.7392594038
23.8197285488 24.0288737367 24.2048322521 24.2265206186 24.1552971179 24.1440947048 24.2909296672 24.6148695399 25.1045046239 25.7153431351 26.3285512153 26.7456426507 26.778255621 26.4104615212 25.8406276321 25.3307985135 25.1276211374 25.3388400319 25.8942237721 26.5298982178 26.9724648139 27.1374035486 27.1336772245 27.0797279033 26.9727292034 26.7242436355 26.2854837995 25.7813417197 25.4292184553 25.3557704468 25.4986793601 25.7033851298 25.8343250996 25.8336642787 25.7068353263 25.5091191832 25.2952001994 25.0927254341 24.88028716 24.6067070592 24.1971774076 23.5841038807 22.8156111472 22.1179750708 21.7855740324 21.9733863903 22.5955066885 23.423767133 24.1994986198 24.7194101724
24.038285112 24.1163927928 24.1848371811 24.1149979952 23.9774158496 23.9162017489 24.0026923739 24.2360512585 24.6034277096 25.0843913556 25.6066817717 26.0153141686 26.1210557536 25.8589342536 25.3557320271 24.892278088 24.7350778159 25.0392201881 25.7185800959 26.4755824576 26.974732617 27.0693082777 26.8832206419 26.6568502756 26.4969901624 26.3338308049 26.0556517354 25.6610839339 25.3037148032 25.1180791641 25.1106629282 25.2053915501 25.3272675303 25.4072330487 25.4053648341 25.3212371538 25.2028002062 25.0821188669 24.9478674361 24.720577734 24.2921784572 23.6006998742 22.7560044841 22.0297985761 21.7099699907 21.9095352313 22.527334107 23.3463813813 24.1392129597 24.6880327554
24.1416204953 24.2033211377 24.2053938154 24.0736535637 23.8900413163 23.7804498655 23.7954122844 23.9293327654 24.1822722705 24.5444665441 24.9634548565 25.3115652185 25.434544129 25.236978135 24.815686313 24.4186726621 24.3194381851 24.6580590717 25.3695278894 26.1742122494 26.7167349792 26.7929211073 26.5036416678 26.1365586869 25.9190619324 25.8312643026 25.7065024284 25.4575779615 25.1432271976 24.8831915483 24.7475085198 24.7473522569 24.8493788273 24.9866568799 25.0713991268 25.0616991402 24.9900227828 24.9323317853 24.8953540931 24.7708067484 24.3847844352 23.6760019167 22.786493973 22.0365498799 21.7202635936 21.9357902604 22.5594849114 23.3703886308 24.1392189631 24.6652372948
24.2218822247 24.3033545124 24.2808463353 24.1238916256 23.924147394 23.7822880596 23.729982697 23.7750149629 23.9340697762 24.2079596514 24.5311893395 24.7907707462 24.8565540135 24.6777025159 24.3332544957 24.0268443479 23.9702580857 24.2712500439 24.8831338876 25.6021869773 26.1240690157 26.2304193098 25.9478689737 25.5538452026 25.3096329367 25.2486943259 25.2261525515 25.1110750625 24.8926464704 24.646894668 24.4642521227 24.4097503355 24.4925901832 24.6445980052 24.7611788758 24.776447635 24.7245033114 24.7064168806 24.752815353 24.7338377556 24.4525185569 23.8044086011 22.9338807383 22.1682647949 21.8366269806 22.0563553078 22.6944268839 23.4865270261 24.1878105062 24.6232671177
24.4645142669 24.5021414691 24.4436162889 24.2776962308 24.084054557 23.9319752614 23.8361404467 23.8074925376 23.8842830807 24.0732633508 24.3087011572 24.4716959914 24.4746728755 24.3109270762 24.0645713457 23.8732024886 23.8519197898 24.0481280772 24.4407406201 24.9346405845 25.3491720895 25.4839964614 25.3111040842 25.0122103303 24.8094310851 24.7652868596 24.7843463547 24.7568111363 24.6459161953 24.4768941759 24.3231731373 24.2593890989 24.3161218021 24.4452858663 24.5531687545 24.5730891072 24.5451487607 24.5586063925 24.6440636321 24.6988632118 24.5181160805 23.9773279695 23.1593091477 22.3850403699 22.0179778114 22.2251979139 22.8635612285 23.6229170227 24.2244384137 24.5323204397
24.854510592 24.8001959883 24.6770131256 24.4981417624 24.3128524389 24.1568817145 24.0269508479 23.935523045 23.9281472145 24.0280222189 24.1777984823 24.2795389728 24.2724939785 24.1750282901 24.067578434 24.0123004284 24.0286547855 24.1027390347 24.2368616307 24.4425598175 24.6690768218 24.7938425404 24.7473018807 24.6104121666 24.5192445083 24.5222038485 24.5607510489 24.5673691693 24.5216300595 24.4378488183 24.3417445958 24.2912554048 24.3149772942 24.3933918689 24.4644351434 24.4944772516 24.4983113027 24.539617815 24.6430056884 24.7211663648 24.6046271746 24.1405588454 23.372442789 22.587160352 22.1843261646 22.3658573924 22.9902226234 23.701482356 24.2098575927 24.4111821324
25.2199701954 25.0827354997 24.9060453135 24.7047788479 24.5093768219 24.3247747491 24.1442109951 23.9908041008 23.9165907451 23.9426332378 24.0339346932 24.1197040906 24.1579599344 24.1808782304 24.23844351 24.3358754738 24.4102934093 24.4147841653 24.3585589766 24.3190360112 24.3413306908 24.3894250342 24.4050531836 24.4005417151 24.4339557043 24.5082797827 24.5629715736 24.5572054425 24.5199269872 24.4769479008 24.4348041002 24.395135251 24.3805979432 24.3885645052 24.4082066648 24.4277783147 24.4594920883 24.5346552785 24.6584268428 24.7488458633 24.6459568339 24.2106877964 23.4592454756 22.6757130418 22.2627766303 22.4377944754 23.0436279084 23.7190039738 24.1668103143 24.3170618075
25.379945184 25.2322534162 25.0282161084 24.8076015013 24.5826443701 24.3412424642 24.0920970723 23.8898090579 23.7877815399 23.7940158982 23.8690709051 23.9638571754 24.0627571049 24.2014649574 24.4145447751 24.6548627103 24.8282943921 24.8506759574 24.7395164723 24.5759410942 24.4499819435 24.387443249 24.3773464041 24.4127795531 24.5013930518 24.6093532625 24.6539067598 24.6088456788 24.5298992342 24.485254022 24.470318852 24.4434226539 24.3842332453 24.3144380681 24.2625721828 24.2450794925 24.2802922806 24.3869479477 24.5454350176 24.6551132997 24.5527245596 24.1089045629 23.3671021095 22.612162415 22.240390629 22.4434755993 23.0601243722 23.7176779455 24.1456264107 24.2763947897
25.3166583852 25.1727884463 24.9975993537 24.7771023685 24.5160778959 24.2145086514 23.9098320521 23.6892435641 23.6144761152 23.6649113714 23.7722677023 23.8814707507 24.0103168793 24.2152350144 24.5193460435 24.8661750481 25.1363324661 25.2481414347 25.1923817764 25.034357764 24.8515608302 24.7106527605 24.6310490498 24.6190278451 24.6629215126 24.7151677573 24.7073554189 24.6081187094 24.4848560921 24.4247998465 24.4241528739 24.4050734169 24.310135277 24.1659165606 24.0400883476 23.9798632985 23.9985023717 24.1099660316 24.2850660409 24.4086334777 24.3096348842 23.8669588423 23.1505454762 22.4592577731 22.1626408103 22.4290599508 23.0749944645 23.7427517466 24.156334799 24.282707436
25.0144168669 24.9855224137 24.8830346794 24.6926446836 24.4051920118 24.0514012186 23.7182978022 23.520535483 23.5171281176 23.6620633421 23.8363206977 23.9665831612 24.0835821014 24.2848588097 24.6078519358 24.9883836977 25.3125306752 25.4960124982 25.5239428487 25.4256510431 25.2670217774 25.1059782182 24.9820725421 24.8948458855 24.832200944 24.7715238256 24.674810823 24.5342064938 24.407646278 24.3620935625 24.3833482537 24.3679174203 24.2466961125 24.0586989583 23.8992174962 23.8168296149 23.8201527097 23.8987665088 24.0316076876 24.1277766279 24.0267563365 23.6127673623 22.948586764 22.3279375587 22.1099889534 22.4385827267 23.1267746654 23.8005250903 24.2054104461 24.3238382161
24.7553241116 24.8438254773 24.8402272232 24.689421848 24.3862782573 23.9901109065 23.6425743624 23.4866585185 23.5725823885 23.8229206988 24.0817413019 24.2343616298 24.3144369827 24.4537947705 24.7321896505 25.090270008 25.4037298968 25.5865628631 25.6243127948 25.5589010794 25.4381866836 25.3133392311 25.1983209226 25.0742777759 24.9233884933 24.7535066123 24.5789132166 24.4287926205 24.3508784217 24.3704800209 24.4287551195 24.4173295754 24.2851600671 24.0968552546 23.9510225936 23.8902959217 23.8848158004 23.910395959 23.9484630842 23.9604134234 23.8393117948 23.4603368611 22.8545331318 22.2912552196 22.1250810205 22.5029139656 23.220526981 23.9043027743 24.295110696 24.4196008338
24.7740140653 24.8985534433 24.9424415421 24.8204630785 24.505135253 24.086884981 23.7317461706 23.6047352969 23.7610323464 24.0977194059 24.4274335263 24.6021303282 24.634433933 24.6763286021 24.8618698053 25.1576866394 25.4180456028 25.5293022828 25.4949869073 25.3867136752 25.2835776547 25.2109142207 25.1518247375 25.0574148754 24.8950101834 24.679402333 24.474332033 24.3485547862 24.3476138724 24.4509736229 24.5554973912 24.5513168642 24.420246736 24.2485941398 24.142775213 24.1189466493 24.1259012652 24.1021753814 24.0436238672 23.9525687242 23.779078495 23.412131539 22.844828037 22.3163352454 22.1804889807 22.5882527265 23.334110003 24.0276091011 24.430025055 24.5717930241
25.0499865447 25.1043691558 25.1271756017 24.9912731403 24.6778445228 24.264399715 23.915923104 23.7981401056 23.9750075195 24.3549123677 24.7300614108 24.9251340698 24.9131250046 24.8509812323 24.9093360371 25.1058914597 25.2878140539 25.3164126561 25.1873133933 25.0135799923 24.8965061259 24.8671975599 24.8793673328 24.8682553987 24.7753882996 24.6028952754 24.4220591926 24.3365370288 24.4000987096 24.5614379063 24.6942610649 24.6880577255 24.5521296201 24.3963520774 24.3130217551 24.322229547 24.3496651285 24.319065598 24.1997687893 24.027865806 23.7811972487 23.3799124895 22.8143004605 22.3040793108 22.1896033024 22.6226733922 23.393619816 24.1232176495 24.5739090023 24.7608295386
25.3457799101 25.3512051982 25.2892467737 25.1080415292 24.795809073 24.4155372569 24.0822916767 23.9472138379 24.0944580292 24.458473969 24.8493650604 25.0607671848 25.0335822941 24.8861993999 24.8179669977 24.8928740171 24.9951978473 24.9752111379 24.8089982574 24.5965179057 24.4659581049 24.4599756724 24.5406858591 24.6214276499 24.6347686147 24.5564144877 24.4427448392 24.3990669729 24.4878417401 24.6578143276 24.7707151275 24.7398144785 24.5999262203 24.4497726345 24.3778620891 24.3959181777 24.4554502026 24.4439558779 24.3163555755 24.0842006638 23.7575802658 23.2800996003 22.6815809672 22.1800398284 22.0938195133 22.5505515375 23.3533904486 24.1467570319 24.6875582753 24.9383753868
25.6307853452 25.5470539287 25.401018351 25.1776380584 24.8750481932 24.5206842042 24.1944271571 24.0163176289 24.0882895711 24.3862086826 24.7445753526 24.9656373441 24.9425099108 24.7621572609 24.6108198646 24.5939564217 24.6462946863 24.6283585385 24.4799050613 24.2721490843 24.1400044911 24.1618085707 24.2922584718 24.439758625 24.5255872691 24.5300069317 24.494046166 24.4932215703 24.5729953541 24.6917006696 24.7485930713 24.6885366099 24.5511618117 24.4224244554 24.3594942202 24.3943438515 24.471752966 24.492120662 24.3639600934 24.0913618801 23.6765186922 23.1123149488 22.4660205595 21.976461269 21.9204384774 22.4012079352 23.2415910783 24.1136254892 24.7513575496 25.0438113322
25.77755055 25.6225734835 25.455486745 25.2492939726 24.9830075351 24.6499367164 24.3085178662 24.0784152076 24.0590489299 24.2531223928 24.5392294186 24.7298162497 24.712496291 24.5383202854 24.379019713 24.3477724249 24.4010795165 24.4113648443 24.2950235735 24.1041514303 23.9871488245 24.0376448904 24.2102432028 24.3802979487 24.4742147189 24.5032854323 24.5176006112 24.5482756049 24.5975204032 24.6386809629 24.6320119697 24.5537520596 24.4389575195 24.3436638022 24.3213588554 24.3838789388 24.4857763606 24.5131277613 24.3902364869 24.0859836041 23.6054496042 22.9692506948 22.2936842811 21.8096610083 21.7685135143 22.261721359 23.135679217 24.073104584 24.763031165 25.0460338933
25.6079896146 25.4987018481 25.3951901891 25.2913362985 25.1117512227 24.8223442204 24.4821755719 24.2119672915 24.1195201185 24.2163281929 24.4086113993 24.5406197389 24.5046016268 24.3511919376 24.232982722 24.2472598338 24.3448909768 24.3891368422 24.2911112574 24.1112152768 24.0073732743 24.0837379549 24.2752268723 24.4336290513 24.4854141773 24.4774495982 24.4847097685 24.5176390128 24.5329367295 24.507154713 24.4425482377 24.3564161156 24.268305585 24.2206125182 24.2560088818 24.3756833385 24.5014511299 24.5403123931 24.4234103817 24.1235848512 23.6263128773 22.9708651204 22.2836383577 21.7866092276 21.720227912 22.1967906624 23.0825700326 24.0402545666 24.7216444626 24.9491292166
25.1655772888 25.1315588911 25.171142485 25.2202337531 25.1685513902 24.969464411 24.6769075736 24.4124624091 24.2770055156 24.3106938294 24.4393134202 24.5224237112 24.4718029933 24.3321009664 24.2450000898 24.2995831994 24.4389480686 24.5138987165 24.4357042015 24.260578058 24.163226597 24.239649439 24.4180801284 24.5403235619 24.5291913922 24.4533505293 24.4111265707 24.412772723 24.3971537596 24.3230360205 24.2136671216 24.1127171668 24.0520482951 24.0555980956 24.1520117441 24.3218495688 24.4814448809 24.5371598616 24.4497747184 24.1918611675 23.7454401484 23.1293540941 22.4460823778 21.9059534464 21.7773439874 22.2053310767 23.0610753169 23.9883077374 24.612415369 24.7723998131
24.5200626239 24.6229357604 24.8188277334 25.0173776844 25.1014839132 25.0159630324 24.8158846186 24.5893093781 24.4479571589 24.4506867409 24.5620576879 24.6538729992 24.6234662538 24.4966080244 24.3977103205 24.4296425379 24.5631980367 24.6621753414 24.6108351104 24.455313564 24.3437858392 24.3855885172 24.5224328627 24.6026835815 24.5512311726 24.4230214864 24.3240162558 24.2795344163 24.2245813484 24.1118388972 23.9709290417 23.8700366027 23.8465792103 23.9029117797 24.0353366793 24.2159229714 24.3769270817 24.4555516339 24.415806528 24.2387225099 23.8890295211 23.3455652884 22.668140293 22.0758940513 21.8735293435 22.2344927007 23.0294806452 23.8830097267 24.4326607045 24.5402297835
23.9403514979 24.183628739 24.4755964354 24.7675852024 24.9472351065 24.9696143881 24.8549636354 24.6825742249 24.5504294602 24.5544467318 24.6812000475 24.8137201722 24.8308626614 24.719418318 24.5793373641 24.5339414458 24.6177512028 24.7198584387 24.7109300339 24.570120756 24.4204272075 24.3887081885 24.4684221337 24.5387230947 24.502311671 24.3797406481 24.2552050411 24.1587908081 24.0521039048 23.9003977275 23.7525693242 23.6873516746 23.7223120484 23.8226272016 23.9451718271 24.0719918824 24.1915728827 24.2819687101 24.3117849903 24.235947802 23.9899203357 23.5082590672 22.8346491212 22.1986691078 21.9364998785 22.2356462361 22.9557952105 23.7267071318 24.206247533 24.2928716451
23.7994371375 24.020964863 24.2938923209 24.579905772 24.7971449622 24.8811864211 24.8336487207 24.7043187772 24.6088460968 24.6398219512 24.7874767015 24.9363224036 24.9744568624 24.866414714 24.6874078485 24.5748519889 24.5995462276 24.7032586503 24.7263909093 24.5833206669 24.3598119312 24.2240889742 24.2457362699 24.3409060673 24.3846058694 24.3338997204 24.2187801622 24.0848223757 23.9275153178 23.7560006909 23.6296225509 23.6173366676 23.7096051419 23.8180367565 23.8825768871 23.9178090428 23.9796063865 24.0890352766 24.1986293181 24.2157162211 24.0392406514 23.5906318902 22.9101873153 22.2462887173 21.9443227029 22.1921232215 22.8518422673 23.5562380155 23.9977471487 24.1004210682
