travaux_groupes/kilucrue/mnt3.asc
NCOLS 101
NROWS 101
XLLCORNER 0
YLLCORNER 0
CELLSIZE 1
NODATA_VALUE NaN
[rows 69 to 91 of 101, columns 0 to 50 of 101]
23.8105389623 23.7784734871 23.7479007505 23.7119616862 23.6665337484 23.6106181479 23.5518495166 23.5058615297 23.4902152192 23.5208963241 23.6063574988 23.7256877883 23.8409170934 23.9159807806 23.9434010414 23.9351380204 23.9085209424 23.8660902927 23.7817074746 23.6093915881 23.3054638001 22.855282436 22.3007653548 21.7379136379 21.2860927753 21.0127301351 20.9007813691 20.87932819 20.8822122537 20.8847347952 20.894248979 20.9229202829 20.9703303783 21.0214476729 21.0619302059 21.0799741301 21.0686195781 21.0352636026 20.9999863273 20.9715033507 20.9229333608 20.8188640375 20.6578324664 20 20 20 20.4940506274 20.6194161978 20.7199439492 20.7898992791 20.8529841209
23.7346568285 23.7305210834 23.7126773856 23.6991284616 23.6815761504 23.647808102 23.5939850642 23.5303911121 23.4838172231 23.484778091 23.5450245882 23.649201859 23.7560022294 23.8336411691 23.8716963128 23.8858141728 23.8913762107 23.8872072496 23.851402606 23.7392263104 23.4986886131 23.0960833415 22.5470099224 21.9473201022 21.4306975393 21.0904368871 20.9220733559 20.8591676226 20.8431143323 20.8473388109 20.8705245188 20.9136149164 20.9671167633 21.0210548506 21.0699011812 21.1111154129 21.1355246869 21.1377398589 21.1232135092 21.0890207105 21.0118033885 20.8664534741 20.6696155475 20 20 20 20.5292241406 20.653953393 20.7427853038 20.7998078016 20.8552510275
23.6838614766 23.6759387481 23.6727603997 23.6753049523 23.6806699296 23.6697779983 23.6251212982 23.554802251 23.4885720636 23.4637510008 23.4998509091 23.5809701447 23.6754535619 23.7524629532 23.8049544301 23.8370042891 23.8574521079 23.8669651632 23.8534788044 23.7856053955 23.610493539 23.2719240083 22.7620148378 22.1533152706 21.5876144791 21.1774957314 20.9440601817 20.8382507934 20.8027923391 20.8079552376 20.8374731671 20.879811858 20.9271083102 20.9764681958 21.0314183191 21.0889166017 21.1373329192 21.1652921975 21.1699062591 21.1419803615 21.0549860813 20.8900393915 20.6742216779 20 20 20 20.5711863008 20.6924697268 20.7628041235 20.7984795873 20.8368160926
23.6446607658 23.6509568017 23.656769072 23.6740695652 23.6957211341 23.6989065043 23.6641164687 23.5919467802 23.5141542273 23.4694155354 23.4799138437 23.5375903804 23.6138960048 23.6873602889 23.7460606275 23.7883263379 23.8104641416 23.8158948998 23.8069395731 23.7694624279 23.6513054877 23.3841896971 22.928011583 22.3337921971 21.7314696158 21.2598556715 20.9731021384 20.837340533 20.7924891502 20.7912001484 20.8065887059 20.8256479128 20.850450835 20.8891813476 20.9443944972 21.0091451764 21.0673251703 21.1064211952 21.1216827909 21.1028933642 21.0217176531 20.8599111281 20.6485974645 20 20 20 20.5946559379 20.7104276992 20.7663057933 20.7833816312 20.801336675
23.629053983 23.6432793418 23.6700973543 23.7024415721 23.7348337309 23.7470872399 23.7176499773 23.6491242311 23.5666490473 23.5092038821 23.4964532851 23.5241980634 23.5735329354 23.6289082531 23.683993726 23.7295821167 23.7559236281 23.7593273167 23.7534863498 23.7357410597 23.6646815345 23.4601645408 23.0643231606 22.4955278982 21.8765829925 21.360613757 21.0361670574 20.8859541103 20.8365099568 20.822192726 20.8079762642 20.7898964703 20.7838122655 20.8063173452 20.8568184407 20.9184758493 20.9723136542 21.0070584676 21.0206026008 21.0029386518 20.9294179809 20.7836255611 20.5948970714 20 20 20 20.5979535958 20.711800258 20.7629561719 20.7697428985 20.7734439418
23.6144584651 23.6497045563 23.6938676144 23.7389862425 23.777073928 23.793392154 23.770660541 23.7093146523 23.6363563582 23.5783934908 23.5489865068 23.5419693114 23.5507605602 23.5741389819 23.6146971564 23.6640134493 23.7024827228 23.721643441 23.7287983189 23.7307806635 23.6928518128 23.5409770602 23.1990133931 22.6673018799 22.0493480546 21.5100985064 21.1582091995 20.9895638453 20.926329163 20.8923837517 20.849559308 20.8003001792 20.7696479308 20.7770344658 20.8176095588 20.867695524 20.9058941086 20.9255044377 20.9261275499 20.9005833689 20.8293645438 20.6993692681 20.5355606262 20 20 20 20.6010427066 20.7180626288 20.7741906935 20.781717039 20.7784269334
23.627683453 23.6666210106 23.7182096728 23.7659687263 23.8026841448 23.8175555515 23.7993863628 23.7541365563 23.7033322871 23.661119208 23.6235872241 23.5861206682 23.553105073 23.5415776106 23.563090044 23.6126181669 23.6672836103 23.7091066257 23.7389815115 23.7606484161 23.7487405971 23.6341421634 23.3412297208 22.8482777929 22.2488832587 21.7018003873 21.3247222184 21.1238997261 21.0307390752 20.9724392107 20.9130537116 20.851501456 20.8087287856 20.8028517955 20.8280958382 20.8619050225 20.8840503288 20.8878494564 20.875600922 20.840975102 20.7667666094 20.6428728925 20.4936210255 20 20 20 20.6145146365 20.7408696217 20.8054251077 20.8191794181 20.8192629434
23.6698071761 23.7026750151 23.7460684852 23.7859484889 23.8131761197 23.8197649173 23.8035080276 23.7777075053 23.755500078 23.7343599387 23.6996603074 23.6475476064 23.5931554927 23.5599659887 23.5663065172 23.6083319388 23.6665460517 23.719124725 23.7638767646 23.8003093996 23.8054708314 23.7174007409 23.4569264384 23.0011177015 22.425764646 21.8815787855 21.4833154616 21.2478541378 21.1220088453 21.0461734453 20.982272571 20.9200109332 20.8701356667 20.8475218757 20.854651791 20.876564232 20.8930174249 20.8939197336 20.8776172966 20.8384870435 20.7593085801 20.6300248627 20.4802540442 20 20 20 20.6283760592 20.759761619 20.828375374 20.8483423077 20.8637195686
23.7445739615 23.7615494517 23.7782852662 23.8006150462 23.8169280373 23.8148215164 23.7993761038 23.786799517 23.7839525151 23.7781101353 23.7553454901 23.7138691467 23.6687643554 23.6401648893 23.6389345948 23.6654824297 23.7046952496 23.7459376207 23.7854307948 23.8248792728 23.8374824872 23.7574367648 23.510436025 23.0715246753 22.5168512166 21.982076851 21.5771838283 21.3239288457 21.1844150655 21.1059853581 21.044543652 20.9796348338 20.918924787 20.8815220027 20.8793124099 20.9026349984 20.9282604087 20.9371442763 20.9230924604 20.8816297906 20.7952121992 20.6565169096 20.4948953577 20 20 20 20.6159913394 20.7412223642 20.8038224132 20.8303210873 20.8731561299
23.8544027832 23.823342505 23.8033671879 23.8042259674 23.8137994576 23.8125374227 23.7990470827 23.7866236508 23.7833254434 23.7832252497 23.7771959281 23.766107001 23.7568446491 23.7521486988 23.7531945849 23.7563270292 23.7632987878 23.7743849032 23.7972871255 23.8289520498 23.8372111048 23.7506658384 23.4915498046 23.0458780767 22.4946927894 21.9745375629 21.5813173779 21.3359182639 21.2044846754 21.1327437538 21.0716712358 21.0013389661 20.9342156588 20.8993985654 20.9087885959 20.9505374743 20.9923883139 21.0077074354 20.992257597 20.9438025322 20.8506440755 20.702281124 20.5263506809 20 20 20 20.5653937556 20.6725508495 20.7277344041 20.7650512219 20.8381001232
23.922810986 23.8641117936 23.8119500973 23.7952176987 23.8043329636 23.8115360545 23.8007092984 23.7789844779 23.7611787277 23.7568200817 23.7670184779 23.7916723306 23.8230153142 23.8472829093 23.8489942493 23.8305704222 23.8033959951 23.786420576 23.792000414 23.8154232446 23.8154339017 23.7118539914 23.42788496 22.955762502 22.3936802985 21.8830011628 21.514273009 21.2937878239 21.1772571486 21.1060779572 21.0379167923 20.9649696424 20.9121953603 20.9027492941 20.9435113001 21.0102159782 21.0655748229 21.0835253017 21.0618764291 21.0069981032 20.9077693264 20.752185343 20.5635155659 20 20 20 20.4940752324 20.5864975352 20.6437366467 20.695240241 20.785568766
23.9279952724 23.8667664292 23.8067378594 23.7822012996 23.7918922415 23.8060127772 23.7985708494 23.7676244837 23.7342931477 23.7202873158 23.739622146 23.7898171628 23.8511700473 23.8904629733 23.8886852379 23.8507822898 23.8027236104 23.7700755386 23.7680026809 23.7874291352 23.7782603407 23.6558055935 23.3418224366 22.8396511631 22.2610052916 21.7571994737 21.4166288841 21.2263737169 21.1197233875 21.037048791 20.955202073 20.8889832628 20.8627486698 20.8904234168 20.9602753637 21.044809005 21.109483931 21.1342796277 21.1196311454 21.0691624979 20.9700390246 20.8097064702 20.6088997061 20 20 20 20.4431383903 20.5379565807 20.609522788 20.6709180346 20.7535558858
23.8838407628 23.8431946903 23.7940564602 23.767941599 23.773505205 23.7908068127 23.7885079786 23.7581780719 23.7167508311 23.6946906447 23.7137385399 23.7735839934 23.8450509055 23.8867923866 23.8766028523 23.8269640814 23.7706315672 23.7366853208 23.7356168459 23.7502944839 23.7266127175 23.5757163195 23.2266109819 22.6970937728 22.111515241 21.6273249498 21.3219115071 21.1633317983 21.0644070207 20.9689525427 20.8782762639 20.821336085 20.8182831508 20.8648458288 20.9430361204 21.0289370883 21.1008906052 21.1453100922 21.1588978328 21.131088277 21.044037685 20.8843381778 20.6733999266 20 20 20 20.4457161679 20.5594201472 20.6503764402 20.7105015027 20.7657478816
23.8329936113 23.8180424194 23.7781038275 23.7449052384 23.7416742968 23.7600243768 23.7715076406 23.7546393197 23.7201103436 23.6960876386 23.7093963433 23.7629830579 23.8270122461 23.8616813997 23.8449385942 23.7925107337 23.7386916471 23.7105280493 23.7097075284 23.7118153803 23.6573648044 23.4591492809 23.0618130162 22.5068703053 21.9349455717 21.4934209198 21.2399413316 21.1162163544 21.0322591409 20.9392290311 20.8533461125 20.8076368444 20.8102698436 20.8481334283 20.906588555 20.9768242758 21.0501472283 21.1191220729 21.1675877044 21.1741245825 21.111528373 20.9641731258 20.7494348935 20 20 20 20.4971144132 20.6370060836 20.7429396905 20.7955819307 20.8183995652
23.8249683239 23.8009627798 23.7555657357 23.7114205376 23.6978912667 23.7222481722 23.7552980638 23.7669821367 23.7526377512 23.7363383115 23.7432814366 23.7782024462 23.8212263824 23.8396500945 23.8199015166 23.7747347713 23.7327692016 23.7081532269 23.6979533663 23.6723481445 23.5659540704 23.3014718918 22.8449334525 22.2704790652 21.7301404956 21.3538415224 21.1589338438 21.0749466966 21.0128242974 20.9415221529 20.8785299085 20.8482850182 20.8483768826 20.8616630402 20.8846973334 20.9240011246 20.9866079169 21.0631678915 21.1324449642 21.1656754413 21.1337722352 21.0112320021 20.806359811 20 20 20 20.566437514 20.7273258262 20.8445484973 20.889506407 20.8895523967
23.8156951165 23.7785437641 23.7263703098 23.6771550574 23.6662627931 23.7033482161 23.760989756 23.8003093541 23.8099803869 23.8059875625 23.8095211943 23.8240132073 23.8365260011 23.8337659549 23.8134337686 23.7874886056 23.7614367206 23.7355482462 23.6991411735 23.6224388387 23.4456094235 23.1027511593 22.5939209746 22.016767696 21.5252881849 21.2152376911 21.0754737657 21.0207825121 20.9828377922 20.9411219997 20.9136806566 20.9091279562 20.9127004553 20.9085957932 20.8965824899 20.8987573297 20.9324940428 20.9932550063 21.0566711075 21.0985606502 21.0888861554 20.9953000821 20.8137984142 20 20 20 20.6256111908 20.8022578743 20.925158014 20.9669687208 20.9523007344
23.7624112821 23.7368530889 23.6991838505 23.6673176394 23.6742629587 23.7283352058 23.7979378972 23.8460099926 23.8632003921 23.8686988747 23.8749625619 23.8773792373 23.8659713467 23.8450763367 23.8306543874 23.8259001344 23.8182717338 23.784138737 23.704918483 23.5544024315 23.2877626904 22.8710776867 22.3328885511 21.7844727925 21.3534605086 21.1022155328 20.9963551756 20.9605658118 20.9382322465 20.9249842478 20.9338698305 20.9608389013 20.9807951183 20.9716287296 20.9378096256 20.9049519825 20.901254218 20.9300618794 20.973344526 21.0048761751 20.9986220514 20.9210617667 20.7651475482 20 20 20 20.6733563172 20.8578942809 20.9828105639 21.0201542168 20.9989452468
23.6866223741 23.6957270514 23.6914724252 23.693409456 23.7253782608 23.7866098996 23.8466988382 23.8771559199 23.8847671681 23.892151066 23.9076196851 23.911598126 23.8925014846 23.8670554299 23.8578695215 23.8684101346 23.8696946722 23.8229317103 23.6945765777 23.458759352 23.0982046643 22.6222016153 22.0902222193 21.6024810259 21.2433373824 21.0360129867 20.9458518107 20.9137880518 20.9040089842 20.9136294498 20.9514060501 21.0048079289 21.0397961114 21.0308923152 20.9833439439 20.927955731 20.8954172985 20.896666066 20.9159629447 20.9280013545 20.9028763679 20.8200013893 20.6796224992 20 20 20 20.7186072688 20.9078767894 21.0279157894 21.0609242848 21.0397852058
23.6545977185 23.6827119426 23.7084173435 23.7369197904 23.7798391794 23.8317546281 23.8678842584 23.8764136646 23.8726610571 23.8845464353 23.9088302311 23.9204031751 23.905442453 23.8783917954 23.8682987385 23.8757191743 23.8705312267 23.8038804416 23.6277266357 23.3170471962 22.8823137458 22.3764247386 21.8859685771 21.4845824347 21.2028764873 21.0297615004 20.9374883712 20.8985009147 20.8943560263 20.9234994983 20.9831623684 21.0497702592 21.0860536754 21.0685945796 21.0101129841 20.9464365148 20.906401469 20.8945399416 20.8946008163 20.8783946755 20.8242913508 20.7207537418 20.58693065 20 20 20 20.7657699634 20.9594915016 21.0745299254 21.1042629152 21.087175106
23.677386225 23.706379415 23.7389898629 23.7632163798 23.7881343642 23.8163962262 23.8377039412 23.8448848216 23.853774061 23.8760611001 23.9046103327 23.9151951424 23.8946946135 23.8601357897 23.83121281 23.8143476031 23.7815923093 23.6788905777 23.4565312224 23.0947938136 22.6275125684 22.1385065596 21.7204174385 21.4174908013 21.2117262276 21.0675339475 20.9669092495 20.9097357236 20.9015089803 20.9425204712 21.0171002052 21.088651886 21.1155355578 21.0827992486 21.0141598455 20.9509969143 20.9158065201 20.9014093333 20.8848177171 20.8429841121 20.7603626401 20.6412996965 20.511345357 20 20 20 20.8058771845 21.0082549877 21.1218119966 21.1485048139 21.1355878357
23.7339995952 23.761368898 23.7704496071 23.7557565696 23.7369790851 23.7369659281 23.7587068154 23.7972010205 23.8412991194 23.8815568051 23.9025426189 23.8919771663 23.8516749878 23.7909476618 23.7261531405 23.6589151402 23.5686145593 23.4115752301 23.1435485412 22.7625461034 22.3172309286 21.896664393 21.5735952203 21.3635918529 21.2250874525 21.1104923627 21.0075327796 20.9343463324 20.9150875557 20.9560381636 21.0356134632 21.1091661641 21.1308946584 21.0884298803 21.0132034191 20.9492810764 20.9148072585 20.8952896663 20.8662481188 20.8090360163 20.7162144133 20.5942020098 20.4714425214 20 20 20 20.8304691051 21.0391021472 21.1525338933 21.177044515 21.1661640657
23.8310458642 23.8234361179 23.7860905951 23.720536922 23.6553888131 23.6279672275 23.6590025996 23.7345962905 23.818874211 23.870348161 23.8703397575 23.825851943 23.7498886304 23.6504507142 23.5270665046 23.3825901195 23.2105202599 22.9869122558 22.6918716433 22.3325962555 21.9633277786 21.6459095758 21.4231364934 21.2894495884 21.2036618194 21.123659828 21.036843569 20.9657104923 20.9413511548 20.9754792559 21.0496144464 21.1205040521 21.1439204173 21.1033814228 21.0281255037 20.9607364294 20.917579082 20.886998817 20.8492804002 20.7910984827 20.7046249449 20.5909052115 20.4739646733 20 20 20 20.836367028 21.044000766 21.1550751862 21.1785847351 21.1716572573
23.88865204 23.8187909448 23.7477286095 23.6564604364 23.5671182796 23.5237113026 23.554147887 23.6451603544 23.7416182751 23.7849269253 23.7551151823 23.6717162907 23.5561050038 23.4057510022 23.2115334122 22.9775497174 22.7204019075 22.448550208 22.1608842009 21.8722188756 21.6092238062 21.4045278097 21.268967406 21.1911736491 21.1458219134 21.1041676596 21.0533672468 21.0078851956 20.9947925703 21.0257681668 21.0860070371 21.1446356197 21.1635744909 21.1301721008 21.0646180415 20.9994007125 20.9486267571 20.9070277344 20.8645022531 20.8104277071 20.7325349929 20.626362726 20.5092491062 20 20 20 20.8286600019 21.029091521 21.1361308955 21.1595948387 21.1593774219
