travaux_groupes/kilucrue/mnt3.asc
NCOLS 101
NROWS 101
XLLCORNER 0
YLLCORNER 0
CELLSIZE 1
NODATA_VALUE NaN
[rows 46 to 68 of 101, columns 0 to 50 of 101]
23.7280725892 23.7538404652 23.7642646945 23.7705699089 23.7969744471 23.8509241167 23.917684171 23.9810308792 24.0281108443 24.0482083007 24.0245582582 23.9626945712 23.8889447217 23.8369486809 23.8164464746 23.8209579783 23.8315039683 23.8360119997 23.8264886424 23.8078283339 23.7823410648 23.7523035474 23.7189059445 23.687386807 23.6595670464 23.6052887411 23.4547143068 23.1384065377 22.6633837211 22.1377514541 21.7029108976 21.4278279248 21.2855041398 21.2122897615 21.1653267279 21.1218627936 21.0727612339 21.0095278591 20.932998728 20.852133449 20.7793149369 20.7017446634 20.6048818049 20 20 20 20.722842664 20.8602842292 20.9371554668 20.9569933442 20.9595408928
23.908211734 23.8901767307 23.8636190528 23.841964385 23.8434763239 23.8758415244 23.9289791345 23.9820938178 24.0190104179 24.0225239499 23.9827308892 23.9033696931 23.818415597 23.7653694315 23.7671056755 23.8085592127 23.8533389884 23.8612339258 23.8245028572 23.7665979025 23.7237929698 23.7076230322 23.704535925 23.6966234502 23.6674238536 23.5815784427 23.3772673893 23.0124426731 22.5209361349 22.018600465 21.6269960152 21.3915998163 21.2748560604 21.2178742146 21.1821811903 21.1520329419 21.1109697001 21.0474307573 20.9635358205 20.881511351 20.8120422547 20.7389047997 20.6378508535 20 20 20 20.6871008382 20.8227679347 20.9045491417 20.9373930461 20.9553218869
24.060394119 23.9970429387 23.9368634363 23.8878179487 23.864891173 23.8777201988 23.9180550733 23.9633854159 23.9864221354 23.9700240484 23.9095292293 23.8230248197 23.7452925033 23.7167821757 23.7484854575 23.8199226133 23.8790932618 23.8803221857 23.8145153572 23.7262561646 23.6718712836 23.6727468736 23.6998924168 23.7076709429 23.6548898987 23.5019466332 23.211611043 22.7813217946 22.2801752224 21.822743057 21.4963369302 21.3103912962 21.2184099513 21.1690968461 21.1425749804 21.1305251328 21.1158493222 21.0739544735 21.0030311081 20.9235381766 20.8494133564 20.7626645788 20.6474887548 20 20 20 20.6567430855 20.7914932976 20.8835182767 20.9339122904 20.9741887417
24.0792398264 24.0214212567 23.9552451745 23.8948778872 23.8620101107 23.8668536004 23.899312754 23.9321043868 23.9369809091 23.90115208 23.8333227418 23.7592275302 23.7124327709 23.7136080967 23.763368294 23.8322099105 23.8799311157 23.8668662768 23.7911121237 23.6968876325 23.6468760657 23.6608384557 23.7014570241 23.7005095091 23.5997505522 23.3603594587 22.9744290411 22.4843856092 21.9855404092 21.5855871085 21.333869904 21.2038890672 21.1348826463 21.090860695 21.0681613696 21.0753525478 21.094818637 21.0911646591 21.0478735868 20.9788318211 20.8934266138 20.7844696166 20.646434665 20 20 20 20.6386066009 20.7765125803 20.8766495977 20.9435978865 21.0014926715
24.0092654966 23.9874438088 23.9324002419 23.880110847 23.8539941727 23.8607245335 23.8877736353 23.9052021053 23.8898151297 23.8417296407 23.7845485789 23.7441963917 23.735517365 23.7584053912 23.7967485894 23.8341947406 23.8478712124 23.8208207945 23.7508827588 23.6737422333 23.6366732881 23.6549453473 23.6863761333 23.6578353659 23.4981313939 23.1738149923 22.7042720358 22.1679023077 21.6811499406 21.3377588332 21.1589167698 21.0874163467 21.0501568255 21.0123690821 20.9914666514 21.0097400757 21.0581775236 21.0951147576 21.0887201125 21.035349693 20.9440933481 20.8126890111 20.6528892418 20 20 20 20.639192702 20.7748910894 20.8735832947 20.9435755146 21.0084265788
23.9853287598 23.9608802334 23.917519836 23.882454383 23.8692750393 23.8792125163 23.8967462894 23.8979442037 23.8653462863 23.8130748826 23.7722358772 23.766052455 23.7904599614 23.8216899155 23.8411214093 23.8388065788 23.8166594078 23.7698669368 23.703787541 23.6401769578 23.6106757069 23.6221052287 23.6357872527 23.5730910738 23.3579156455 22.960335264 22.4262261789 21.864165215 21.3968407673 21.1063093129 20.98959147 20.9745287832 20.9738954132 20.9522784592 20.931994255 20.9528701876 21.0158162566 21.0834009217 21.1101533099 21.0783756247 20.9876383485 20.843912945 20.6682615371 20 20 20 20.6511753958 20.7783371628 20.8629940832 20.9183897373 20.9759660904
24.0173791422 23.9861766318 23.9466576756 23.9226667983 23.9155800446 23.9166914023 23.9181634844 23.9032954716 23.8634758051 23.8108541228 23.7783794768 23.7881336659 23.8292905277 23.8712037906 23.8869855195 23.8704383882 23.8226020404 23.7521066501 23.6684684989 23.5945288083 23.5556184347 23.5557774516 23.5503187567 23.4541210755 23.184923835 22.7261562931 22.1526990145 21.5919993276 21.1635756755 20.9237274822 20.8547795006 20.8783822459 20.9092602923 20.9070512311 20.8952498816 20.9146782581 20.9780894729 21.0544293887 21.101150912 21.0881434999 21.0071131171 20.8620845777 20.6815100071 20 20 20 20.6563441955 20.7783636169 20.8483667887 20.8847114591 20.9259693779
24.0779318698 24.0431654858 24.0078176529 23.9857426747 23.966656934 23.9441998988 23.9197324604 23.8931490695 23.8566006631 23.8130246883 23.7842092529 23.7923539224 23.8368892815 23.8927409153 23.929261602 23.923968013 23.8708670774 23.7753164926 23.6596366253 23.5548698694 23.492694707 23.4715149918 23.4370548754 23.2948918623 22.9700749941 22.4700897884 21.8931008523 21.3757695872 21.0098298528 20.8236915757 20.7833319673 20.8188367057 20.8586229321 20.8722659902 20.8753529661 20.8990434299 20.9499577856 21.0124471416 21.0581250513 21.0583445092 20.9910392199 20.8552878024 20.6792304439 20 20 20 20.6412073246 20.7681173853 20.8430982604 20.8749030467 20.905765011
24.1159949597 24.0844813496 24.0583387901 24.0338223552 23.9976130882 23.9447120354 23.8899317172 23.8496013706 23.8214908551 23.7975421247 23.7826487527 23.7923215718 23.8369663963 23.9044991864 23.9626442756 23.9765843194 23.9253949707 23.8137688183 23.6680550925 23.5324433482 23.4377131976 23.3743390701 23.2799690012 23.0707818825 22.6974162459 22.1918912695 21.6657308827 21.2315261761 20.9508308004 20.817344819 20.7900060744 20.8103012076 20.8332822698 20.8490332917 20.869198757 20.8987955943 20.9341296391 20.9689235131 20.9986164824 21.003016783 20.9508944618 20.8285152131 20.6602691863 20 20 20 20.6049327918 20.7484777093 20.8493359149 20.9037505018 20.9376749496
24.0965541678 24.0807377339 24.062523244 24.0426674062 24.0041410492 23.9366732456 23.8589874115 23.7977304547 23.766589984 23.7603426225 23.7702007405 23.7990758298 23.851803164 23.9228655439 23.9861786246 24.0035267939 23.9499999156 23.826108942 23.6621139306 23.4989552201 23.3619256756 23.2300470518 23.048812597 22.7669657562 22.3711245857 21.9129670673 21.4824122514 21.1606408968 20.9706788374 20.8887321727 20.8645051875 20.8543056866 20.8437921276 20.8452952091 20.8703822088 20.9059114269 20.9296015651 20.9422122654 20.9544796616 20.9566268299 20.9143474266 20.8025452291 20.6374088807 20 20 20 20.5598327231 20.7237505213 20.8639396113 20.9526092374 21.0033369095
24.0493685194 24.0337423611 24.0195067929 24.012634107 23.9942621433 23.9441353645 23.8624071693 23.7783174278 23.7243050047 23.7156280629 23.7471692273 23.801852181 23.8681479209 23.9367596364 23.987339814 23.9906940465 23.9218003398 23.7802427802 23.590669969 23.3911436367 23.1953710998 22.9836612706 22.7247023966 22.4025147377 22.0343324723 21.6635771004 21.3521180748 21.1415985055 21.0353114249 20.9963710065 20.9739668184 20.9353359604 20.8861361127 20.8602219841 20.8747809223 20.9092291157 20.9337137746 20.9421427243 20.9479157992 20.9456443871 20.9033845076 20.7925427106 20.6231488802 20 20 20 20.5188711269 20.7064895721 20.8800185107 21.0018528219 21.0646140375
23.9821734223 23.96095149 23.9522142137 23.9609015693 23.9742539687 23.9600792907 23.8975260347 23.7992587017 23.7123869239 23.6826870315 23.7168654275 23.7861870575 23.8588249203 23.9169816537 23.9458150506 23.9208078965 23.8197342095 23.6373818056 23.3996931928 23.1407266494 22.8786645257 22.6099616033 22.3261853985 22.0302016867 21.7357159661 21.4710741774 21.2669464564 21.1460810634 21.0999613711 21.0912467781 21.0734546434 21.0181743553 20.9407097269 20.8839008545 20.8755029799 20.9042078006 20.9379214087 20.9606788346 20.9718191233 20.9658700412 20.916200203 20.7967297228 20.6185095291 20 20 20 20.4979013819 20.7021022218 20.8995975862 21.0358391118 21.1038508516
23.877450139 23.8778704873 23.8848003766 23.9080953543 23.9439690441 23.9636334255 23.9279904286 23.8319771607 23.7232324202 23.6665729327 23.6862877272 23.7519126171 23.8167287136 23.8529871682 23.8455404007 23.7725365496 23.6104441164 23.3604739013 23.0520379174 22.7277603668 22.4221519084 22.152320101 21.9164474591 21.7023086423 21.5057159253 21.3336820236 21.2073941197 21.1417430091 21.1293526734 21.137528189 21.1252702744 21.0694447665 20.9815958297 20.9041677617 20.8742539588 20.8934182224 20.9376182637 20.9794616785 21.0039816809 20.9961363604 20.9363174183 20.8064736752 20.620235124 20 20 20 20.50239209 20.7140360827 20.9156322323 21.0524656605 21.1153374978
23.7791613017 23.8061930322 23.8343175945 23.8670013439 23.9101511875 23.9447373421 23.9295743692 23.8473242125 23.735649119 23.6617276836 23.662024011 23.7128198639 23.759848675 23.7622517428 23.6959992833 23.5431578493 23.2921801668 22.9572657415 22.5809073542 22.2190433343 21.9208398524 21.7079103809 21.5628973102 21.4491962635 21.3389685382 21.2332029662 21.1519424834 21.1142668423 21.1157209003 21.1303400178 21.1249177922 21.0773840688 20.9960367503 20.9169856675 20.878396108 20.8915164799 20.938411608 20.9931652692 21.0287314605 21.0235980499 20.955633607 20.8158888177 20.6256793707 20 20 20 20.5311932663 20.7372490425 20.9269955049 21.0517048991 21.1056989009
23.7413552752 23.7793538075 23.8101699445 23.8429216359 23.8810023155 23.910858361 23.9014592593 23.832859533 23.7322753762 23.6575949059 23.6463247273 23.6834726375 23.715095865 23.6804542217 23.5440703945 23.2941605887 22.9455036036 22.5331067563 22.1150759028 21.7553687543 21.5022415132 21.3631362678 21.3031581278 21.2661003686 21.2150358318 21.1510667983 21.0985882162 21.0773063919 21.0852493591 21.1012760847 21.0992224843 21.0614345831 20.9935902136 20.9281614964 20.897729618 20.9104903609 20.9529000563 21.0038832817 21.0433514779 21.0407067975 20.9699124091 20.82301587 20.6308283474 20 20 20 20.5766996569 20.7702561131 20.9405105417 21.0482599869 21.092795375
23.7912905962 23.7964827235 23.8119499517 23.8326695543 23.8548798067 23.8670441075 23.8466459352 23.7857631369 23.7058355644 23.6465424613 23.6379170508 23.6738950879 23.7010497727 23.6474255083 23.4600753876 23.138816915 22.7189247702 22.259473337 21.8244479508 21.4770782344 21.2549798068 21.1561529219 21.1360702683 21.1353515065 21.1164434376 21.0808124411 21.0561829373 21.0563884901 21.0742449603 21.091257339 21.0880287582 21.0538668942 20.9995759616 20.9527213839 20.9360755485 20.9478116663 20.9737109759 21.0076124861 21.0371986264 21.0360147268 20.9665937532 20.8213224699 20.6352669984 20 20 20 20.6279061459 20.8120580914 20.9646597225 21.06105878 21.1030719399
23.847133927 23.8341252418 23.8238295889 23.8209638488 23.8207436341 23.8057666414 23.7668013647 23.7118678658 23.6604857608 23.6324328719 23.6431720546 23.6890661222 23.7265324915 23.6779049309 23.4882569813 23.1546786941 22.7238950803 22.255271098 21.8126207614 21.4494291137 21.2059359638 21.0850505764 21.0501536876 21.0464093634 21.0361922942 21.0237315309 21.0287819239 21.058684007 21.094934001 21.1167203356 21.1111580229 21.0788206606 21.0343766695 21.0012505226 20.9883759896 20.9849938557 20.9818222787 20.9843996865 20.9982420528 20.995046794 20.9365986916 20.8071439481 20.6371083603 20 20 20 20.674871326 20.8511776184 20.9933655386 21.0862054181 21.1347781792
23.8762398557 23.8514978071 23.8228468001 23.795351429 23.7656483421 23.7246458813 23.6715438686 23.6275714257 23.6128074977 23.6294415107 23.6718752726 23.7340447653 23.7829262894 23.7568547902 23.603864589 23.3209192144 22.9384102737 22.5011212071 22.0525496728 21.6478272074 21.3352326422 21.1407751584 21.0454570931 21.0031041658 20.982481611 20.9812897262 21.0119448693 21.0683352586 21.125923096 21.1579944773 21.1568911101 21.1291013899 21.0930777926 21.0643529054 21.0412544348 21.0093131651 20.9660878609 20.9333920017 20.925594663 20.9248892388 20.8870392982 20.7860786391 20.637758527 20 20 20 20.7055362848 20.8723687211 21.0011426144 21.0898600907 21.1465838864
23.8503589927 23.8291482 23.7987386163 23.7512988214 23.6955001597 23.6338335977 23.5782067031 23.5542940714 23.5799962523 23.6434236289 23.7219687476 23.7988021619 23.8536080126 23.8480701565 23.7479833936 23.5438611771 23.2456613708 22.8657340472 22.4315898006 21.988983523 21.6017147861 21.3139397457 21.1301101358 21.0230285297 20.9678970083 20.9590811332 20.9950338488 21.0630253278 21.133418698 21.1788713594 21.1872711687 21.1688363413 21.14081178 21.1139566538 21.0784213753 21.0183172527 20.940131837 20.8740970412 20.8472263372 20.849716542 20.8381910122 20.7683393126 20.6418459035 20 20 20 20.7092728245 20.8603593473 20.9688761636 21.0423501369 21.1001177172
23.7773189571 23.782953919 23.7586326419 23.703294241 23.6285813384 23.5550691079 23.5050622875 23.5043817374 23.5624711919 23.6601342419 23.7655590057 23.8559134532 23.9144861358 23.9250270541 23.8720375433 23.7440249841 23.5293307102 23.2210674143 22.8283054077 22.3870313422 21.9530027252 21.5826320776 21.3025583888 21.1112912025 20.9983871379 20.9546681773 20.9714756223 21.0301927063 21.1007387009 21.1506853567 21.1678562587 21.15879218 21.1416177397 21.1218889059 21.0865815275 21.0169371861 20.919232005 20.8312165046 20.789732967 20.7946736304 20.8037704853 20.7605079149 20.649576969 20 20 20 20.6780036403 20.8119894257 20.8992419845 20.9540582135 21.0039829897
23.7362045639 23.7483192531 23.7312682011 23.6718064208 23.5888430387 23.5106185866 23.4664960003 23.4782210377 23.546972187 23.6542608683 23.7720715904 23.8754401605 23.9460622404 23.9754537077 23.9587465347 23.8840486022 23.7342777571 23.4977399613 23.1733956406 22.775928565 22.3377907247 21.9080493942 21.5345440669 21.2472954563 21.0552091542 20.9572564098 20.9407628931 20.9791895445 21.0354441058 21.0783265533 21.0945133651 21.0936702695 21.0893796493 21.0875422043 21.0694676362 21.0105035207 20.9129924242 20.8166226473 20.7650456102 20.7695349557 20.7884575638 20.7601542368 20.6576156248 20 20 20 20.6168337564 20.7383353477 20.8174165515 20.8618103491 20.9090458484
23.7519008869 23.7603698522 23.7332011412 23.6729776654 23.5905541755 23.5133230455 23.4682652326 23.4716249948 23.5258860407 23.6186486044 23.7349371419 23.8511263149 23.9427203418 23.9940540029 24.0010680214 23.9567204248 23.8527835835 23.6846452653 23.4448875741 23.1192749345 22.7097368839 22.2468703863 21.78956448 21.3973605868 21.1151158399 20.9583303306 20.9110345283 20.930183485 20.9671203574 20.9924144963 21.0021813132 21.0063586026 21.0199420323 21.0411371396 21.0479563203 21.01205482 20.9317279499 20.8409010632 20.7864032959 20.7832737463 20.7970244295 20.7652729094 20.6594427379 20 20 20 20.5453097941 20.6652732235 20.750347256 20.8029601878 20.8543183033
23.8169650707 23.7855107321 23.7509160449 23.696656639 23.6271180065 23.5561845112 23.5027518578 23.4830943551 23.5040081824 23.5688541575 23.6725545253 23.7972409726 23.906408786 23.9746967964 23.9940658244 23.9676299785 23.9021321828 23.8007867529 23.6456370146 23.4002960545 23.0374301439 22.5685173319 22.0451982176 21.555414861 21.1826720491 20.969116587 20.8951066919 20.8981604261 20.9175362831 20.9267154352 20.9305401738 20.9447052429 20.9763788226 21.01756289 21.044771865 21.0362300439 20.9865089102 20.9179663452 20.8686083393 20.8529190309 20.8408727918 20.7822205113 20.655723383 20 20 20 20.4973660223 20.6192249329 20.7181660672 20.7836532893 20.8440893434
