travaux_groupes/kilucrue/mnt3.asc
NCOLS 101
NROWS 101
XLLCORNER 0
YLLCORNER 0
CELLSIZE 1
NODATA_VALUE NaN
[rows 23 to 45 of 101, columns 0 to 49 of 101]
24.656987354 24.7285133246 24.8564087163 24.957108968 24.9881300621 24.9871784228 24.9952609162 24.9850188923 24.9272419159 24.873302621 24.895866948 25.0016037171 25.0923446771 25.0885398723 24.991199584 24.9062238134 24.9148920946 25.0072686439 25.0992140861 25.1174210532 25.0267991294 24.8449440074 24.6423745688 24.5138781788 24.4818861495 24.5279534591 24.6655881082 24.9052259769 25.1317822063 25.1705178193 24.9701997451 24.6554179188 24.3994420786 24.2631056115 24.2330874423 24.2771062649 24.3915074898 24.5460558335 24.6483932328 24.5684620052 24.2142136543 23.5860990148 22.8172885015 22.1572110844 21.8844100998 22.1228759317 22.7221362118 23.3716122895 23.834255871 24.0778382328
24.5446910033 24.7659660243 24.9995349382 25.1417794934 25.154129775 25.080651615 24.9874940783 24.9005488209 24.836023552 24.8297920528 24.914093422 25.0561712136 25.1759169191 25.1743922012 25.0522179068 24.8927236583 24.8099469833 24.8358788659 24.9011500155 24.9021544795 24.7757884253 24.5289154989 24.2660050508 24.1049635413 24.0923356679 24.2083006784 24.4402154113 24.7618475641 25.0385679623 25.0893915793 24.8802531159 24.5714517389 24.348639858 24.293285509 24.3635661557 24.5000786961 24.6556576071 24.7827846291 24.8256199943 24.7133224877 24.3609505802 23.7423288901 22.9492760369 22.2274898401 21.8812865254 22.0596970261 22.6267435038 23.2596055336 23.70938296 23.9212244356
24.674241386 24.9076133417 25.1484743237 25.2957248823 25.300407621 25.1968350211 25.0514188684 24.9243596142 24.8554414563 24.8689757349 24.9641248709 25.1070914345 25.2135106435 25.1982891304 25.0237653847 24.7713600201 24.5849797862 24.5485728869 24.6070299049 24.6248935668 24.5130990508 24.2981477189 24.0761958399 23.9484627046 23.9549018432 24.0888928997 24.3521652118 24.6978163003 24.9829873591 25.0357598227 24.8349499131 24.5363572308 24.3340812091 24.3072469951 24.4262769024 24.6138301867 24.7848585361 24.8799051146 24.8714594332 24.7261392392 24.3911775979 23.8073392805 23.0303596995 22.2877187149 21.8953324206 22.0354265877 22.5825785972 23.206328767 23.6293324181 23.8088869844
25.0061060907 25.1025413059 25.2837228431 25.4056543956 25.406323032 25.3014503208 25.1544032833 25.0352679291 24.980966828 24.9967612322 25.0703376219 25.1666638003 25.2092842533 25.1076509726 24.8279797171 24.4660858388 24.2117497058 24.1769508446 24.2888163334 24.3813792881 24.3607200981 24.2464371154 24.1217137118 24.0481746979 24.0493886239 24.1470436498 24.3569005748 24.6450918872 24.8789595478 24.9249045842 24.7545690111 24.483691437 24.2689409601 24.2145115263 24.3276907306 24.5308956995 24.7196271182 24.8069441801 24.7604454303 24.5864672933 24.2473254362 23.7021973983 22.9761386218 22.2677368177 21.8889079601 22.030496529 22.5781895407 23.1894663485 23.5901276213 23.7360519638
25.1490560239 25.2058174411 25.3508807842 25.4600390469 25.4606342898 25.3682950585 25.2583805434 25.1897136357 25.1750155509 25.1959516051 25.2393571653 25.2647134038 25.2017034336 24.9661309545 24.5525184072 24.0982200231 23.8252224858 23.8427747999 24.0514619165 24.2668772925 24.3747892962 24.3829637703 24.3397652674 24.2835249617 24.2356943484 24.2349877016 24.3284156425 24.4955828979 24.6533298404 24.7050481393 24.6118374888 24.3945845345 24.1619369862 24.0474526195 24.1205958788 24.3301866561 24.5406258866 24.6383806135 24.5858633735 24.3818142807 24.0312292742 23.5003487949 22.822247536 22.174719873 21.8508752438 22.0296488686 22.5916489302 23.205795998 23.5967954503 23.7414024785
24.9742238853 25.0698819442 25.2576671046 25.3839448651 25.395330798 25.3429589623 25.3040524839 25.3164455547 25.3600472664 25.404098902 25.4217432098 25.386586227 25.2279633789 24.885448548 24.3812773867 23.8845990233 23.6149151454 23.6733666337 23.9589800045 24.2766732461 24.4987618765 24.5939364228 24.5866897543 24.496095615 24.3488534035 24.2141534623 24.1648575094 24.2148646436 24.3161065733 24.4129032895 24.4190702187 24.2865008504 24.0588322292 23.8966078946 23.931693714 24.1406002793 24.37503614 24.5001968929 24.4615180067 24.2647382638 23.8992492774 23.3593239357 22.687863049 22.0765673991 21.7996136392 22.0169388742 22.60392192 23.2379485815 23.6654403846 23.8473526993
24.5119284215 24.7096539964 24.9447655471 25.087878621 25.1261442019 25.1409592098 25.2032690845 25.3201214353 25.4434304124 25.5194571154 25.5329635843 25.4623331819 25.2728455947 24.9166339419 24.4269559902 23.9500238651 23.684792782 23.7238990508 23.9965915598 24.335280173 24.6056313828 24.7518749126 24.7590774253 24.6217502442 24.3754256762 24.1165901373 23.9449594303 23.9001757786 23.9781604365 24.1150983711 24.2115054742 24.1622218013 23.9862863565 23.8327058505 23.85686337 24.0629290429 24.3139593968 24.4648279932 24.4614507309 24.2916503511 23.9368991106 23.3732324851 22.6702246033 22.0388725113 21.7650829179 21.9948435383 22.6005672992 23.2773915353 23.7739716454 24.0303192773
24.0413025139 24.2587700622 24.4759892317 24.6031113522 24.6683050824 24.756248607 24.928604826 25.1604676269 25.3712738174 25.491143906 25.5003624405 25.4305256843 25.2803296207 25.021121749 24.6475032478 24.2569850985 23.9999539029 23.9733467985 24.1394865186 24.3966717364 24.6419270049 24.8099629466 24.8478627442 24.7188110252 24.4479185423 24.1321516204 23.8773294895 23.7536155503 23.7735324391 23.898797807 24.0255593974 24.0530725936 23.9744144057 23.901806484 23.9556588822 24.149790709 24.3817251815 24.5338115778 24.5469079688 24.4140164288 24.0904988946 23.5234616883 22.773488671 22.0862463784 21.7742938634 21.9876100511 22.5993367358 23.3140232823 23.8787515067 24.2047281092
23.7602150926 23.8946895076 24.0219522845 24.1064256211 24.1907127525 24.3479652089 24.6076685248 24.9298928745 25.2074932784 25.3458963984 25.3480057769 25.2937807961 25.2365657123 25.1377409108 24.9441587458 24.6807915065 24.4621240847 24.3713783987 24.4120835293 24.5333956572 24.6906480136 24.8421757312 24.9269541325 24.8813545108 24.6940780539 24.4176985018 24.1343326644 23.9138502141 23.8104926435 23.8384972629 23.9405193192 24.0327675858 24.0855439849 24.1362768237 24.2348885986 24.3858461146 24.5410101153 24.6328106998 24.6347053409 24.5286992427 24.2553675922 23.7130794119 22.9346285981 22.1909119957 21.8293887942 22.0133161498 22.6111900429 23.3287920869 23.9180257306 24.2849547235
23.6785704326 23.7227641074 23.7518549631 23.7974218462 23.9159188755 24.1370798596 24.4556565072 24.8073615331 25.0833944681 25.1983855664 25.1865341094 25.1676772133 25.2201535063 25.2878126876 25.2655153591 25.1307932243 24.9641935014 24.8596410561 24.8343292045 24.8539106363 24.9139798367 25.0170747982 25.1314898041 25.1963138559 25.1524036004 24.9805569665 24.6945551518 24.3592459396 24.0892225832 23.9784853242 24.0307196968 24.1779127704 24.3527483175 24.5083407649 24.6162121093 24.6712322045 24.6885095893 24.6894409856 24.6646140022 24.5903484042 24.3609352544 23.8476896181 23.066083271 22.29099087 21.8916208534 22.0427658182 22.606857282 23.2854720881 23.8586151171 24.2451745458
23.7628341935 23.7453847131 23.7338002948 23.7896565861 23.9524840953 24.2291452735 24.5719937595 24.8968356005 25.1117631635 25.1861861062 25.1818774867 25.2281519763 25.3783162158 25.5561592166 25.6222398685 25.5399748297 25.405719811 25.3336655412 25.3314042541 25.3609313503 25.3971734284 25.4648870672 25.5863516107 25.7223605021 25.7969454726 25.7012003533 25.3878047129 24.9303278155 24.5100686569 24.2864838849 24.3000509213 24.4872717134 24.7340990486 24.9243426477 24.9692895145 24.8779390056 24.7523499256 24.673778461 24.6551726891 24.6071659307 24.3916342631 23.8773031456 23.0995955799 22.3203133257 21.9059299295 22.0298104036 22.5518034524 23.1894996958 23.7437647806 24.1547649834
23.9173060208 23.916693016 23.9546982483 24.0512277109 24.2481308066 24.5363884253 24.8643981783 25.1481463837 25.3235853646 25.3981924244 25.4572571461 25.584827027 25.794922446 25.9749610219 26.0001223554 25.8605147366 25.7066894155 25.6758200346 25.7838547771 25.9308851893 26.0443197779 26.1372718933 26.2585756913 26.4272837673 26.537215788 26.4455307374 26.0597984506 25.4800345145 24.9486336049 24.661825121 24.6658210729 24.8757063939 25.140854692 25.2890577714 25.2216860976 24.9856689833 24.7419676897 24.6268335689 24.6208002892 24.5821633574 24.3373544311 23.7981845008 23.0175107832 22.2586748392 21.8522379066 21.9677031628 22.4808471088 23.1167957309 23.6884183632 24.1281930367
24.113935624 24.2063277955 24.3035635774 24.4433128236 24.6278649125 24.8745004804 25.1608375443 25.4326290245 25.6476057266 25.8106566183 25.9723492087 26.1719960828 26.366280891 26.4560141309 26.3455269248 26.091408837 25.8767286811 25.8863581372 26.123794567 26.427977932 26.6556131338 26.8024964052 26.9579615813 27.1323726962 27.2427597992 27.1131246495 26.6493396731 25.965699232 25.335187304 25.0037800459 25.0117483798 25.2390746793 25.4910826567 25.5779744765 25.4131141582 25.075297798 24.7513620472 24.5860726136 24.5489855742 24.4741100234 24.1957246508 23.6341498141 22.8710095135 22.1417440842 21.7638381902 21.9048578626 22.4589552948 23.1570548738 23.7749272696 24.2316107874
24.4339077639 24.4923983179 24.6215427556 24.7600163134 24.9144296959 25.1050184297 25.3548513949 25.6533035636 25.9621738643 26.2613118954 26.5347709549 26.7540016312 26.8819861037 26.8518273028 26.6336943802 26.2927304592 26.0402099139 26.0715274479 26.3775241269 26.7636864521 27.0542706441 27.2546972607 27.4453484324 27.6490592894 27.7569743567 27.6074601911 27.1090290714 26.3606812889 25.6630391856 25.2791557456 25.2812206204 25.5178630725 25.7601142152 25.821861405 25.626050553 25.2493520923 24.8641514789 24.5941622538 24.4454963938 24.298852766 23.9988765061 23.4595432809 22.7281307215 22.0372159452 21.6949440207 21.8855138397 22.5189679393 23.3069448591 23.9835379365 24.4221761519
24.6099801984 24.6404016549 24.7483184376 24.8844199467 25.0339927596 25.2232276331 25.4794546506 25.8059871828 26.184565833 26.5785169199 26.9223153913 27.1386973418 27.1946833238 27.109360411 26.8782473849 26.5569830198 26.319196305 26.328303919 26.5824893826 26.9138775652 27.1850973187 27.400501376 27.6290556137 27.8589135589 27.9684889077 27.8188412766 27.328951779 26.6046906723 25.9090239655 25.5232113221 25.5113865628 25.7346449016 25.970831455 26.0504032523 25.9059890301 25.5661569074 25.1261287192 24.7118563383 24.4004292449 24.1582783525 23.8535328144 23.350179142 22.6589018454 21.9946689256 21.6838189431 21.9238973019 22.6333509321 23.5062064584 24.2200444 24.6158192382
24.5458668163 24.581564733 24.6968387067 24.8672037127 25.0850504124 25.34893738 25.6507157327 25.9735496669 26.3266029669 26.7158241169 27.0765847776 27.2933017994 27.3418450885 27.2743328424 27.1282548303 26.9219448057 26.7268128294 26.6666096555 26.7607048173 26.9333858392 27.1151814533 27.3128700247 27.5529952489 27.7781787893 27.8739321062 27.7109309334 27.2641934095 26.6353888087 26.0624025676 25.7515249008 25.7528661356 25.9366687613 26.1393196383 26.2587547678 26.2366084858 26.0028963049 25.5422614243 24.9839497911 24.5031198743 24.1644332604 23.8454738514 23.3707323187 22.7006702429 22.0462960489 21.7401052296 22.0047867886 22.7673164104 23.6973118035 24.4293628116 24.7624769057
24.3760427174 24.4788083703 24.6395297501 24.8931154439 25.2282865891 25.6002109204 25.9343719324 26.1994677255 26.4411870487 26.7423429527 27.0710874302 27.3110073167 27.4017477422 27.4127686359 27.3973280057 27.3240509293 27.1850053632 27.0283443642 26.9405416339 26.9391313179 27.0147669985 27.1598292265 27.3578314526 27.546025427 27.5990852662 27.4248154274 27.0185725994 26.5250480275 26.12696376 25.9466685581 25.9730788066 26.1006929024 26.2416977291 26.3984567721 26.5285444037 26.4476667159 26.0262135222 25.3676396611 24.7486877518 24.3202102371 23.9871278227 23.5247591291 22.8604881712 22.1831541559 21.8504846945 22.1067746501 22.8865844282 23.8466925577 24.5814180969 24.8604526078
24.3836830067 24.5113851984 24.7312356921 25.0832435983 25.5185910393 25.9355091615 26.2396434559 26.3929267724 26.5059680697 26.7039557585 26.9854613898 27.2255482613 27.3683072198 27.4687384476 27.58281213 27.6435414198 27.5551750269 27.3551264179 27.1488196099 27.0370229034 27.0245380275 27.0897078147 27.2048396006 27.3241086397 27.3481718276 27.1660802392 26.8024810323 26.4087174581 26.1511462615 26.0763858389 26.1171949599 26.1742608732 26.2454056401 26.418467133 26.6634509754 26.7387984629 26.4042559353 25.7389982482 25.0493993443 24.5668922337 24.2136551258 23.7535330901 23.0704108468 22.3558243678 21.9813273496 22.2083006613 22.971056235 23.9170111412 24.6372366431 24.8908975454
24.5564246445 24.6431718298 24.9385172248 25.3786455785 25.8437549225 26.2052326394 26.378425461 26.414074953 26.4518487758 26.6046685042 26.8300747463 27.0189851182 27.1456281585 27.3062091433 27.5338024335 27.7253429489 27.7438057839 27.583337148 27.3816096859 27.2331968645 27.1620306052 27.1335350084 27.1517640073 27.2117704248 27.2177663862 27.0500230213 26.7119068528 26.3699010852 26.1801870464 26.1632483133 26.2043618732 26.2003662372 26.1967783153 26.3340523288 26.6072796631 26.7635437387 26.5542734191 25.9889405439 25.3466223544 24.8457504987 24.4518700904 23.9484167307 23.2298878791 22.4865881777 22.0977559084 22.3084799588 23.027939605 23.910732518 24.5821798689 24.8352125584
24.5411419462 24.710759595 25.1094809517 25.6254670724 26.0715345776 26.2987029497 26.3122907716 26.2596995269 26.3064942517 26.4733874957 26.640520523 26.7100526066 26.7474111558 26.8986910833 27.2140856561 27.5464644195 27.7191215669 27.6929904663 27.5690202009 27.4546240584 27.3414037301 27.2235356698 27.148483927 27.1508390396 27.1481012635 26.9890874936 26.6711243544 26.3560065173 26.2158643599 26.2500277701 26.3115681503 26.2788728212 26.2080980652 26.2434182362 26.4219300959 26.5829923868 26.5018308818 26.1334537541 25.6170169496 25.1198649196 24.6415829404 24.0465848898 23.2789678745 22.5409248122 22.1878629528 22.41863165 23.1005187028 23.8911682677 24.4806809399 24.72308505
24.3425364718 24.6559199587 25.1839279942 25.7555477955 26.1620532265 26.2819799724 26.1956526384 26.1210503357 26.2078591511 26.3951147853 26.4973438618 26.4307636775 26.3401902931 26.4458834045 26.8007309647 27.2512884684 27.573207288 27.6887155433 27.6692763459 27.5922067241 27.459032214 27.2624638531 27.0898553067 27.0185066086 26.9734195883 26.8211070848 26.5260117418 26.260272792 26.1895785701 26.3058530724 26.4296215725 26.421337583 26.2990922575 26.2021535762 26.2275052794 26.3464442221 26.3999579685 26.2362508935 25.8556495598 25.3473038166 24.7655206325 24.0685514694 23.2645888346 22.5575884922 22.2653133302 22.5418531682 23.2118370291 23.9259446337 24.4259518771 24.6232527491
24.2113371821 24.658648077 25.2684842627 25.8427749923 26.2055613707 26.2978230647 26.2251355043 26.1823430536 26.2828784322 26.4422372165 26.4653914119 26.2996601763 26.1259856137 26.1894246232 26.5493073509 27.0358159233 27.434391415 27.629046096 27.6580883818 27.5842592766 27.4175894333 27.1672165013 26.9108053148 26.7357734272 26.6343916027 26.4774966375 26.2391153919 26.0408033486 26.0536279759 26.253218174 26.4593875098 26.4968069002 26.3550637016 26.1568407366 26.0797697118 26.1790348639 26.3395245705 26.3369294248 26.0377246134 25.5057168187 24.8456993934 24.0965123423 23.2857024385 22.6013027217 22.3486377461 22.6617694418 23.3403080038 24.0217432134 24.4565473913 24.5940672058
24.4302777059 24.902318159 25.5072821815 26.0317333033 26.3398268536 26.4500872251 26.450297744 26.4539887721 26.5214606098 26.5918949438 26.5392709054 26.336057222 26.1575380717 26.2173115735 26.5516060102 27.0086883471 27.3801428881 27.5609108786 27.5499529361 27.4141632073 27.1999143908 26.928854585 26.6331863967 26.3963942473 26.2396495996 26.1014490693 25.9264737727 25.815672434 25.889826231 26.1408092495 26.3754070365 26.4260440625 26.2699207311 26.0558097908 25.9648478817 26.0988053243 26.3290320485 26.3955014812 26.1332797606 25.5943797726 24.9349585211 24.2003798992 23.3961337727 22.7026736687 22.4403012409 22.7633280994 23.4607270032 24.1455779828 24.5603200644 24.6604890515
