travaux_groupes/kilucrue/mnt3.asc
NCOLS 101
NROWS 101
XLLCORNER 0
YLLCORNER 0
CELLSIZE 1
NODATA_VALUE NaN
[rows 0 to 22 of 101, columns 0 to 50 of 101]
20.8611143728 20.8460738773 20.8532664848 20.873704896 20.9473440135 21.0051383692 21.0526284269 21.0750136638 21.0441415952 20.9631994085 20.8367146536 20.7056383874 20.6116173794 20.5852178805 20.6274826079 20.7447356318 20.8654586189 20.9361918128 20.9523106464 20.9477524197 21.0103549643 21.0994043441 21.1133783391 21.0772389097 21.036768099 20.9951758331 20.9932439721 20.9666356211 20.9113690771 20.8682224589 20.8448879697 20.7863321316 20.7224872107 20.7174588875 20.8067428341 20.9500603983 21.0741752047 21.1123488559 21.0793971174 20.9990217803 20.9003002333 20.7596882885 20.5944020333 20 20 20 20.4525908439 20.5465915255 20.6053600795 20.6304139647 20.6569021976
20.8823166542 20.8719760831 20.8641203646 20.890039782 20.9331110093 20.9860703172 21.02794095 21.0523047418 21.0450038753 20.9929658703 20.9031617147 20.796772217 20.7090109684 20.6670049611 20.6888160103 20.7617186707 20.8495772019 20.911621586 20.9420217589 20.9786994264 21.039613159 21.0988808991 21.1164154157 21.0864193412 21.0374138333 21.0021116286 20.9767769296 20.9527686095 20.9163548792 20.8798361913 20.8460390264 20.8130441652 20.7881888207 20.8043349211 20.8783693236 20.9876482237 21.074674118 21.0958994429 21.0467993593 20.9606105643 20.8546670449 20.7279058253 20.5744019843 20 20 20 20.4858089048 20.5885184222 20.6592720917 20.7033600988 20.7317054006
20.9184929669 20.9014525283 20.8996461308 20.910947784 20.935206868 20.9627174693 20.9961844001 21.0312505876 21.0539039592 21.0440969073 20.994330991 20.9186354733 20.8406477761 20.7861473652 20.7724612035 20.7993497444 20.848757827 20.8969721205 20.9438021082 21.0014538748 21.0687304343 21.1187548586 21.1275023463 21.0940147632 21.0426146209 20.9988228468 20.9728709945 20.9510726087 20.9193858931 20.8790984754 20.8491208542 20.8429033948 20.8624037703 20.9058254 20.9737928327 21.0524314285 21.105412689 21.0952032836 21.0213705135 20.917619982 20.8103726108 20.693905458 20.5577896388 20 20 20 20.5284350582 20.6506580572 20.7441826828 20.8019822225 20.831533726
20.9354195175 20.9509407357 20.958354255 20.9631925719 20.9602822706 20.9595101044 20.9767798784 21.0195497324 21.0680643846 21.0911561522 21.0729878039 21.0229226733 20.9629781113 20.9098979143 20.8731818746 20.8610078331 20.873812744 20.908380966 20.9602046364 21.0267320003 21.0911374845 21.1300335358 21.1266456402 21.0868903449 21.03522663 20.9974314067 20.9792014833 20.9614174838 20.9242032444 20.8733094756 20.8434731035 20.8607869102 20.9180509414 20.9888459167 21.0562075854 21.1148461878 21.1428514468 21.1112725623 21.0178742541 20.9006829233 20.7934476617 20.6866083351 20.5630112962 20 20 20 20.5551035778 20.6982036846 20.8124181138 20.8810254501 20.9076130767
20.9925392007 21.0168327655 21.0402683519 21.0397703145 21.0165603063 20.9911680712 20.9935047084 21.0346951799 21.09437607 21.1334187123 21.1290651525 21.0938788738 21.0542058167 21.0181285256 20.9793917354 20.9429198842 20.927539876 20.9454193343 20.9942357425 21.0550082916 21.104320026 21.1209458969 21.0983128579 21.0503110443 21.0054529089 20.9857924888 20.9844128707 20.9756230772 20.9360403841 20.879714276 20.8480317682 20.876996549 20.9549087715 21.0392513999 21.1053284684 21.150750346 21.16830361 21.1296013279 21.0308840296 20.91049986 20.8069527184 20.7111446168 20.5928096501 20 20 20 20.567153142 20.7226348496 20.8515070077 20.9232808826 20.9426854908
21.069063088 21.0970937709 21.1238193564 21.122832331 21.0936860202 21.0605741774 21.0533464546 21.0855986997 21.1388867364 21.1748718778 21.1700822913 21.1408145132 21.1181957919 21.1034051761 21.0731711052 21.0250782581 20.9880436802 20.9904546912 21.0289962783 21.0772410509 21.1057855324 21.0970203601 21.0523794611 20.9935608733 20.9560814599 20.9560224214 20.9782108573 20.9841673011 20.9543996853 20.9005203837 20.8697576338 20.8985361925 20.9783031855 21.0640009789 21.1248239881 21.1641518073 21.1779547817 21.1409849356 21.0440883989 20.9268654157 20.8290200469 20.739027658 20.6233804294 20 20 20 20.5770645303 20.7422062506 20.8757755155 20.9427696561 20.9528111157
21.1496634271 21.1727989041 21.1897254172 21.1887869354 21.1703433524 21.1479157234 21.1397504751 21.1579092844 21.1923349518 21.2111313542 21.196924424 21.170122289 21.1601296342 21.1596864073 21.135771928 21.0803231784 21.0295288101 21.0178928726 21.0460697845 21.0843502904 21.1008937046 21.0788202336 21.0181805045 20.9488686642 20.908571268 20.918241919 20.9549745707 20.9774336884 20.9569910677 20.9117195776 20.8831225165 20.9082583269 20.9828304733 21.0673015568 21.129848276 21.169776579 21.1834156711 21.1445627021 21.0473545698 20.9303940819 20.8320312572 20.7418597776 20.624421798 20 20 20 20.5934299085 20.7633169229 20.8958886591 20.9539770255 20.9540020581
21.2284386072 21.2232380444 21.2285111448 21.22866713 21.2278555802 21.2246927008 21.2209884723 21.225246133 21.2342300342 21.2299064506 21.2032542747 21.1770512675 21.1748059933 21.1811016266 21.1574081498 21.1000576312 21.0433971393 21.0260881288 21.0486929467 21.0835820714 21.1011021587 21.0786995586 21.0167258621 20.9378433346 20.8858090172 20.8837359085 20.9171673495 20.9388598707 20.9240946383 20.8852450783 20.8632335713 20.8889645835 20.9617714028 21.0501904148 21.1254928189 21.1761769329 21.190055962 21.1442069422 21.0399210109 20.9186877022 20.8162037442 20.7171500879 20.5967345246 20 20 20 20.6045931402 20.7725760731 20.8984793905 20.9511341943 20.9484147709
21.2487320202 21.243184123 21.2395984523 21.2478010327 21.2620481038 21.2713839255 21.2683485241 21.2583962148 21.2467103624 21.2243313049 21.1893915104 21.162491679 21.1612382379 21.1655096565 21.1433012834 21.0899779399 21.0429861426 21.0317817014 21.0545233002 21.0869400156 21.1019712266 21.085366865 21.0296749342 20.9518203441 20.8855817867 20.8612935105 20.8683759645 20.8758347368 20.8593856519 20.8328016888 20.8250305822 20.8581703378 20.9320756166 21.0265665736 21.1157561887 21.1797223045 21.1951583951 21.1420949617 21.0334627498 20.913175404 20.8063053837 20.6975988601 20.5672296467 20 20 20 20.596194877 20.7543521111 20.8699239595 20.9214998261 20.9271778558
21.2313212197 21.2193158823 21.2280573909 21.251111156 21.2740919002 21.2792730165 21.2646707664 21.2425114935 21.222748422 21.1998038917 21.1675633602 21.1390014656 21.12763867 21.1224150827 21.0974251008 21.0592430921 21.0334704744 21.0390804166 21.0637642454 21.082943456 21.0858051786 21.0662607001 21.0228358552 20.9584769655 20.8946671282 20.8511959362 20.8314709297 20.8175886486 20.8047914427 20.7993988374 20.8151199546 20.8602545035 20.9329028395 21.0228471311 21.1118901709 21.1771145975 21.1916904106 21.1420169818 21.0444500636 20.9358956152 20.8310821269 20.7118095085 20.5706761646 20 20 20 20.5776187999 20.7174044597 20.8185826283 20.8694171759 20.8873460016
21.1517459028 21.1632318899 21.1982335966 21.2380737052 21.2602769365 21.2509995745 21.2180449884 21.1873765488 21.17271108 21.1640296558 21.1445084549 21.1146923952 21.0873680843 21.0608797346 21.0319511251 21.0065754142 21.0054994645 21.0270283253 21.0490879923 21.0515209684 21.0340778507 21.0095383757 20.9791181327 20.9413213738 20.8980219697 20.858979281 20.8259098806 20.8047010037 20.8014470598 20.8219613702 20.8635221559 20.9182893111 20.9825588412 21.051404313 21.1185708737 21.1664462099 21.177183357 21.1418591254 21.071608771 20.9833941391 20.8848296131 20.7610437723 20.6095585743 20 20 20 20.5752631564 20.6943954259 20.7742864101 20.8147089955 20.8405996193
21.0527180093 21.1031542202 21.1583277842 21.2081659012 21.2263710252 21.2044216612 21.1604429683 21.1235712398 21.112451112 21.1158274528 21.1086820274 21.0828998513 21.0432029313 20.9999632008 20.9612721339 20.9439049379 20.9525873178 20.9781900431 20.9939196357 20.9841306573 20.9583735406 20.9340236204 20.9187707997 20.9065011793 20.8948477465 20.8784610763 20.8596057045 20.8472772629 20.8571498213 20.8961074056 20.9528441828 21.0100968955 21.0555125941 21.0921818579 21.1225390872 21.1444374858 21.1485810515 21.1315682357 21.0886072465 21.0234494234 20.9329332635 20.8107190737 20.6584486231 20 20 20 20.6085702867 20.71161324 20.7656356527 20.7854266369 20.8071263293
21.0239875438 21.0642305744 21.1218582419 21.1687689898 21.1866910765 21.1671133924 21.1219295897 21.0778324571 21.0543692113 21.0479603132 21.043789277 21.0276165759 20.9968502618 20.9533704981 20.9131321642 20.8921710307 20.8975985457 20.9124116141 20.9174405142 20.9060999385 20.888211469 20.8770441134 20.8742623901 20.8793243658 20.88969444 20.9030524723 20.912729592 20.9226367412 20.9441431698 20.9856252068 21.0422190655 21.0910052367 21.1145702789 21.1157473998 21.1106108124 21.1073936064 21.1070373452 21.0991982563 21.0768445799 21.0276828327 20.9489053828 20.8338191904 20.6897151048 20 20 20 20.668462123 20.7668943614 20.8032659409 20.8006017524 20.8073643703
21.0389762609 21.0646795576 21.0947917721 21.1295242278 21.1517755593 21.1470308177 21.1103944679 21.0551582364 21.0014589948 20.9653495078 20.9501586539 20.9497484711 20.9458419622 20.9269712978 20.8988182854 20.8799628634 20.8760265462 20.8760356723 20.868100323 20.8562283844 20.8522929879 20.8585789226 20.8688268216 20.8802525543 20.8992964711 20.9272317441 20.9611596893 20.9928941286 21.0219221025 21.0555399339 21.0979888347 21.1336323248 21.1391907997 21.1149847342 21.0845083001 21.0667622316 21.0601736256 21.0578746872 21.0440347316 21.0099858669 20.9431663509 20.8396280388 20.7033299774 20 20 20 20.7239047661 20.8283446679 20.8647121095 20.8542650131 20.8451775223
21.0924320008 21.0775656919 21.0767045923 21.0925885174 21.117631883 21.1279615025 21.1025885624 21.0378076217 20.9534575796 20.883478474 20.855040885 20.8669785246 20.8931923365 20.9091017121 20.9115289933 20.9117443005 20.9103762511 20.8990530127 20.8760378737 20.856455687 20.8570015623 20.8765561853 20.9006782536 20.9198861033 20.9359773654 20.9603264314 20.9935587256 21.0292290256 21.0557107877 21.0783979121 21.1049855205 21.1274281257 21.1250650524 21.0946735622 21.0585131443 21.0361707504 21.0304463075 21.0297601748 21.0264411171 21.0039447528 20.9508985283 20.852661897 20.7166248545 20 20 20 20.7363592441 20.8506757236 20.9042498925 20.9086316901 20.8979510216
21.1058930534 21.0771304588 21.0560752268 21.0551721949 21.0740191197 21.0889230247 21.0703247112 21.0047837481 20.9100463406 20.8257017185 20.7896101723 20.8052061784 20.8482880558 20.8934047787 20.9349823249 20.9693834977 20.9854278763 20.968718853 20.928155493 20.8928038644 20.8875916761 20.9161594079 20.9592071519 20.9917345004 21.0068070043 21.0099436388 21.0165784394 21.0243903201 21.0316042393 21.0392275108 21.0542022381 21.0701376895 21.072337139 21.0570257324 21.0351711262 21.0233121529 21.0238988736 21.0335406862 21.0399612594 21.0303442876 20.9825614505 20.8803352161 20.730820284 20 20 20 20.6884309971 20.8075874076 20.8865260593 20.9226603691 20.925959807
21.0625849758 21.0463759822 21.0284636196 21.0210062133 21.0279825442 21.0367732905 21.0215692471 20.9692691339 20.8894219526 20.8167658835 20.7811625451 20.7921751633 20.8348673977 20.8958601199 20.9659024925 21.0307155126 21.0624897744 21.0446874477 20.9896628934 20.9362016707 20.9239874457 20.963546666 21.0305820598 21.0854687268 21.0986984238 21.0773778352 21.0379343089 21.0000196896 20.9688923283 20.9529662439 20.9558991423 20.9729103247 20.9925573544 21.004905379 21.0118979583 21.0188006082 21.0336512907 21.0554846117 21.0739911236 21.0690200962 21.0165074412 20.8992889178 20.7280061046 20 20 20 20.6013947136 20.7205744535 20.8208283851 20.8877039372 20.9126021208
21.0033740739 21.0148493274 21.0205824716 21.021130756 21.0242004191 21.0280554589 21.0223173854 20.9934712555 20.9448334481 20.8932414903 20.8631985542 20.8649640666 20.8979540448 20.9542390504 21.0235023895 21.0871726401 21.1192012534 21.1005921137 21.0402860945 20.9773575704 20.959834692 21.010716815 21.1026787973 21.1761658769 21.1918391999 21.1466368016 21.0694549354 20.9848764395 20.9136229928 20.8673095942 20.8544714597 20.8746213188 20.9143649223 20.9577980856 20.9925459652 21.0193248295 21.0465877456 21.0761602014 21.0970521675 21.0858366971 21.0194605995 20.8819740925 20.6938524206 20 20 20 20.5290756294 20.6486141604 20.7593558349 20.841662724 20.8796211623
21.0089179904 21.060248131 21.0957765599 21.1226879873 21.142236873 21.158131259 21.1685112012 21.1673054095 21.1469561076 21.1132107517 21.0835495462 21.076259714 21.0927487692 21.1199083134 21.1473508449 21.1679671271 21.1726483651 21.1478359589 21.0903281269 21.0268282114 21.006736586 21.0590073626 21.1576579388 21.2408135113 21.2586286591 21.2074006782 21.1106998848 21.001080623 20.9018928582 20.8319520693 20.8053681618 20.8239212394 20.8749884964 20.9370808668 20.9921688718 21.0342810356 21.0656975308 21.0886259482 21.0927168833 21.0623149424 20.9757868565 20.8256694187 20.6352824677 20 20 20 20.5185886279 20.6444843964 20.7548045687 20.8324479235 20.8697864159
21.1901413415 21.2589543215 21.3285696385 21.396979328 21.4565179169 21.5003916998 21.5306427415 21.5484939278 21.5467464446 21.5228371478 21.490911044 21.47142916 21.4614084724 21.4404354667 21.3956851445 21.3385213537 21.2839265957 21.2294764108 21.16482879 21.1013753124 21.0742523048 21.1079440515 21.1877423691 21.2632747565 21.2891744053 21.2495733756 21.1600236585 21.0479328569 20.941331907 20.8627083475 20.8269208128 20.8365224897 20.8811195625 20.9458753253 21.0148414919 21.0708045631 21.1021688065 21.1034908531 21.0746768784 21.0119589084 20.9068755592 20.7526963265 20.5744841632 20 20 20 20.5711452813 20.7084731535 20.8125175772 20.8727625621 20.8991584494
21.5704941048 21.6483060783 21.7490694947 21.8626153003 21.9669864397 22.0411869411 22.0853520682 22.1098888044 22.1189666876 22.1053642733 22.0761090679 22.0421274272 21.9994702355 21.9247864604 21.8058516521 21.6614746013 21.5228787383 21.403644117 21.3005845387 21.216448109 21.1652705871 21.1603558354 21.196816553 21.2509524666 21.2849899256 21.2717894445 21.2082024188 21.1123023774 21.0110430249 20.9299170602 20.8829338796 20.8716422633 20.8972121221 20.9578656373 21.0399787614 21.1146727955 21.1508038511 21.1323927604 21.0682139068 20.9737613177 20.8502386815 20.6960876243 20.5322633895 20 20 20 20.6445558714 20.791495381 20.8879520797 20.932140876 20.9455351562
22.1187887809 22.1944155068 22.3078300972 22.4457487662 22.5718591661 22.6597337535 22.7051109222 22.7289834737 22.7440721423 22.7481251812 22.7305060247 22.6895933945 22.6200382136 22.506449736 22.3381532987 22.1289725546 21.9110003522 21.7109146472 21.5404476869 21.4022761341 21.2996594488 21.2341830361 21.2113569694 21.2263366677 21.2572194994 21.2700829787 21.2396587242 21.1658751056 21.0711494295 20.9807366577 20.9101274453 20.8724919228 20.8796982503 20.9394035573 21.0372697693 21.1347225105 21.1839848892 21.1630065554 21.0829746429 20.9681609984 20.8312607206 20.6738276618 20.5180181812 20 20 20 20.6945234645 20.8443978245 20.9357835211 20.9705822373 20.9762129056
22.7527685268 22.7920275753 22.886718804 23.0095826434 23.1210463448 23.1930561027 23.229314543 23.2476563795 23.2677772525 23.2866325467 23.2866355335 23.2525970163 23.1788166396 23.055153935 22.8743256696 22.6433020489 22.3876779109 22.1355406309 21.9028486159 21.6970169485 21.5177380426 21.3723804938 21.2703298015 21.2225511513 21.2234950633 21.239786969 21.2292539395 21.173094256 21.0808430346 20.9749905494 20.8803982297 20.8219784768 20.8221141687 20.8861390043 20.9954309306 21.1061620253 21.1716675923 21.16647465 21.0968446432 20.984990083 20.8440859415 20.6843262975 20.5285474495 20 20 20 20.7066777349 20.8548157461 20.9435786347 20.9759497312 20.9761630414
