travaux_groupes/kilucrue/mnt4.asc
NCOLS 101
NROWS 101
XLLCORNER 0
YLLCORNER 0
CELLSIZE 1
NODATA_VALUE NaN
[rows 0 to 22 of 101, columns 0 to 50 of 101]
20.6260450713 20 20 20 21.2331044318 21.3588429997 21.2877982307 21.1844986849 21.2360481911 21.4193717092 21.611131712 21.7297835291 21.819600935 21.9388939616 22.0669861323 22.1247199256 22.0871125601 21.999236778 21.8845950004 21.6415322205 21.3645232783 21.2377493386 21.3532183604 21.5579986445 21.6853467964 21.6153462562 21.4653168985 21.4264639185 21.5209271476 21.6837880111 21.8940798617 22.0242094704 22.0812287186 22.0487352814 21.9838767498 21.9799402059 22.0068393004 22.1163305906 22.2986111257 22.4386938167 22.3939062413 22.2499254054 22.1595170541 22.0952541262 22.0143687545 21.9271805633 21.7479161952 21.6030931509 21.5782685957 21.6485819307 21.720116575
20.7663310222 20 20 20 21.1955259843 21.3119784676 21.2905293072 21.2467173893 21.2874443059 21.4205002821 21.5752585541 21.7070115404 21.8191611355 21.9277429605 22.0216654491 22.0688178752 22.0601363288 22.0088203748 21.8905043629 21.6945486537 21.4761262282 21.366564592 21.4195185206 21.5660075161 21.662267126 21.6455396995 21.5681950037 21.5306938173 21.5822930577 21.7015589737 21.8255543241 21.9248093312 21.977608307 22.0082048737 22.0435064925 22.0828628474 22.1372969828 22.2185831575 22.333576394 22.410581006 22.3895618344 22.2899822488 22.1763801539 22.0786449632 21.9869514554 21.8746377108 21.7630243132 21.6821887049 21.6737957292 21.7120260891 21.7371106525
21.0109080158 20 20 20 21.2044604057 21.3143686131 21.3236086258 21.3096344681 21.3456125926 21.4385149002 21.5618882699 21.6914035281 21.8139378291 21.9242685192 22.0084828323 22.0527174947 22.0523028764 22.0105168443 21.9211381587 21.7770214273 21.6171722249 21.5200947061 21.5341888749 21.6237114023 21.7060046106 21.7270138581 21.6982896309 21.6734222887 21.6886965816 21.7383478571 21.7898503146 21.8287928846 21.8802843319 21.9736275946 22.0986494262 22.211833543 22.2802742466 22.3265549023 22.3718747373 22.4016892567 22.37538564 22.2894032523 22.1696588042 22.0426508879 21.9202469458 21.8232973232 21.7689711754 21.7662093695 21.7939639355 21.8144971435 21.7967719226
21.1232043889 20 20 20 21.2401513513 21.3598736841 21.3877046542 21.3825265993 21.4067929553 21.4750643397 21.5777502152 21.7013324731 21.835203614 21.9638344308 22.0636546489 22.104968573 22.0799919184 22.0124377013 21.9292997338 21.8374598812 21.7466379115 21.6835513773 21.6822832059 21.7342288544 21.7975194398 21.8341542658 21.8403203529 21.8313373684 21.8301151736 21.8336418946 21.8276743003 21.8192997543 21.8551594462 21.9723806693 22.1460786309 22.2955068216 22.3693334144 22.3811860426 22.3739298934 22.3558897321 22.3126826137 22.2291951319 22.1088869946 21.9648067773 21.8336285618 21.7588225545 21.7625657807 21.8259254161 21.8958190194 21.9177785551 21.8786872515
21.0667414807 20 20 20 21.2796100886 21.4186800479 21.4534734546 21.4394004953 21.4465740498 21.5061127266 21.6091943573 21.7392184213 21.8888291938 22.0445576009 22.1632815144 22.1926726529 22.1273558091 22.0153117487 21.91775225 21.8598818552 21.8277361942 21.8158923622 21.8283663953 21.8669179389 21.9092531449 21.9420993684 21.9609623866 21.9725507835 21.9773151971 21.9675658281 21.9325345261 21.8956659072 21.9118671949 22.0183469694 22.1821214371 22.3246157454 22.3863157665 22.3732617725 22.3256780512 22.2694083248 22.2026678614 22.1150500758 21.9923031941 21.8504978938 21.7351624075 21.6922412842 21.7374236656 21.8393709764 21.9395673295 21.9848089818 21.9501746657
20.9807375636 20 20 20 21.3004769432 21.4500070893 21.4835691768 21.4507132542 21.4427450055 21.5057539359 21.6281458493 21.7800459129 21.9476854086 22.1160572076 22.2348930346 22.2512522025 22.1587718795 22.0226869108 21.9176324686 21.8743020068 21.8782407206 21.9059375726 21.9461987449 21.9797828662 22.0022593226 22.0158304303 22.0328885394 22.0579840428 22.0805628088 22.0760540471 22.0360876086 21.9895188922 21.9923218298 22.0704407348 22.1942562508 22.3031174589 22.3495340224 22.3257847896 22.2549485943 22.1671929263 22.0752396867 21.9720303169 21.8509946807 21.7261365894 21.6411117352 21.632452491 21.6982055831 21.8085950568 21.9220128115 21.9913892347 21.9895359226
20.9386808046 20 20 20 21.2883710509 21.4402462038 21.4652820805 21.4214061737 21.4050285985 21.4751464561 21.6205943473 21.7988641547 21.9764489345 22.1302288742 22.2297380517 22.2362055005 22.1547317155 22.0388113139 21.9557500106 21.9279522477 21.9448612951 21.9880459419 22.0312857983 22.0523077576 22.0428456754 22.0289608937 22.0369990023 22.0690240739 22.1033242543 22.1074857221 22.0697728397 22.0234983363 22.014385595 22.0631836502 22.1518899471 22.2392505641 22.2880896462 22.2719858374 22.1949104337 22.0804574722 21.9585008616 21.8410415416 21.7284043033 21.6335225867 21.5822417966 21.594071336 21.6632722099 21.7677987093 21.8756988843 21.9602688195 21.9866589837
20.8809800932 20 20 20 21.2480227272 21.4005179149 21.4273951211 21.3847743203 21.3717762113 21.4458262294 21.6061310648 21.80180291 21.9757849539 22.0972537348 22.1597976051 22.1638803233 22.1196065623 22.0625155322 22.0231997222 22.0152430086 22.0332606231 22.06570924 22.0892345502 22.0742249424 22.0251003514 21.9812676951 21.9777344178 22.0143707536 22.0551478371 22.0632171142 22.0286772692 21.9773261413 21.9528491774 21.9828969133 22.0641776154 22.1657023649 22.2361177375 22.2391624294 22.1599834502 22.0245139611 21.8763849029 21.7519400086 21.6636213715 21.6068264961 21.5817353517 21.5962857311 21.6576013799 21.7495371194 21.8491923553 21.9277742896 21.9704183491
20.8583003002 20 20 20 21.1976313268 21.3593683714 21.4024454213 21.3783348569 21.3744305769 21.4540776267 21.6201292738 21.8240974143 21.9872874587 22.0690590888 22.0869885525 22.0831354447 22.080607992 22.0799957306 22.0771446103 22.0723244774 22.077857334 22.0937480139 22.0921960587 22.0439250796 21.9615262795 21.8957514931 21.8883569894 21.9303830788 21.9816676751 21.9999099448 21.9711257415 21.9156807937 21.8782017236 21.9044633833 22.0025746158 22.1286641393 22.21964102 22.2253644547 22.1405380829 21.990228509 21.8305140172 21.7172977134 21.6643679414 21.6432336542 21.6301879009 21.6377529847 21.6843679326 21.7680432354 21.8538476226 21.9214267412 21.9676114448
20.7703534908 20 20 20 21.1596931014 21.3439273848 21.4170877831 21.4190261571 21.4321810149 21.5150972213 21.6865358184 21.8917656778 22.0437904125 22.089558488 22.0633319755 22.0383906255 22.0518918769 22.0774730557 22.0769371177 22.0490997808 22.0256150151 22.0228708841 22.0134563816 21.9595897695 21.8722336064 21.8085068621 21.8092982215 21.8698773624 21.9446939545 21.9871214987 21.9766276807 21.9281536884 21.8932124528 21.9218751047 22.022175234 22.1436887759 22.2165138455 22.2035271564 22.1019343016 21.9470351021 21.8007803992 21.7195641395 21.7022152448 21.7016121734 21.6892447898 21.6877814678 21.7314944392 21.8072794126 21.881788128 21.9331443633 21.9780257349
20.6280060559 20 20 20 21.1547700064 21.3733497094 21.4901858731 21.5276434272 21.5532488768 21.6377133017 21.7997453119 21.9970906305 22.1352148795 22.1562295203 22.092970563 22.0335415321 22.0245698166 22.0391412255 22.0204386832 21.9607427203 21.9008747901 21.8771086653 21.8685047073 21.8358194894 21.7800698531 21.7474734662 21.7793276128 21.8711215033 21.9807909873 22.0574400195 22.0727206472 22.0452201399 22.0185878203 22.0367087993 22.0968982673 22.1595782984 22.180375113 22.1343285711 22.0220560241 21.8758131603 21.760378479 21.7188380871 21.7282404359 21.731454691 21.7155259449 21.7189225763 21.7694982785 21.8503619239 21.9125112817 21.943508235 21.9707564414
20.597497042 20 20 20 21.1903308272 21.4587396862 21.6338835917 21.711733845 21.7479927874 21.8097408252 21.93919748 22.103471968 22.2208524028 22.227533361 22.1393723605 22.0357371863 21.9815633156 21.9658790506 21.9389691993 21.8695412425 21.790142063 21.7424729266 21.7286735374 21.7198035383 21.7128979059 21.7363436417 21.8153128527 21.9402760524 22.0735687924 22.1707389853 22.2110369045 22.2010832574 22.1749480668 22.1525853712 22.1363740895 22.1134718619 22.0795601134 22.0210164446 21.9207523632 21.7967885231 21.7088320037 21.6903617744 21.7063387228 21.7079555926 21.694180887 21.7090907756 21.7787745739 21.8657846021 21.920399824 21.927596438 21.9222869057
20.734959106 20 20 20 21.2602480488 21.5853642511 21.826064504 21.948109231 21.981036586 22.0007258446 22.0663862302 22.1742274982 22.2606693192 22.2570943263 22.1559923734 22.0208228804 21.9229669428 21.8892250483 21.8775991508 21.8389922745 21.7677268635 21.7036453643 21.6722885336 21.6735771624 21.7087671786 21.7904287599 21.9146859265 22.05219435 22.1708108945 22.2596299052 22.3078286718 22.3102941171 22.2654167451 22.1836360836 22.0783749981 21.9872227314 21.9351616069 21.9064605746 21.8509910157 21.7589964301 21.6792233105 21.653372953 21.660086715 21.6563208739 21.6491863522 21.6786422749 21.7522268428 21.8358950399 21.8801493195 21.8721427889 21.8397281558
20.9946175517 20 20 20 21.3320852292 21.7058553383 22.0048318982 22.1593445466 22.1834447276 22.1508438274 22.1422421815 22.1855051544 22.2341818333 22.2247173869 22.1316122065 21.9896593653 21.8785701525 21.8458947551 21.872720507 21.8881389344 21.8495755819 21.7771141451 21.7236363698 21.722069551 21.7821962796 21.9023531668 22.0473884438 22.1648805186 22.2380593628 22.286316354 22.326794512 22.333591167 22.2717854499 22.1295691397 21.9538673296 21.8241541981 21.7977379723 21.8358836231 21.8503934779 21.7967585175 21.7165357951 21.6685289152 21.656924249 21.6533068818 21.6566366368 21.6873239909 21.7463908398 21.8006039574 21.8243013201 21.8085012255 21.7623176607
21.1875498579 20 20 20 21.3636598887 21.765259955 22.0970620251 22.2702862295 22.2824249704 22.2068098604 22.140822748 22.1291869469 22.1522949107 22.1517342393 22.0861425221 21.9694653534 21.8691694349 21.8562220135 21.9220848992 21.9886730525 21.9810236139 21.9081587235 21.8361239424 21.8230496766 21.8909827677 22.018610526 22.1554272885 22.2407223021 22.2613624328 22.2650875617 22.2840017345 22.2940398376 22.228008935 22.0569671653 21.840923715 21.7053086996 21.7182868645 21.8311473859 21.9221300685 21.9228080783 21.8599862092 21.8006941509 21.7782458845 21.785114886 21.8057606221 21.8392221856 21.8720568306 21.8880662048 21.8773011767 21.8417962851 21.7831958784
21.2743158317 20 20 20 21.3438568638 21.7443862071 22.0816037847 22.2549466813 22.256087498 22.1595988735 22.0635808866 22.0298471991 22.0497914503 22.0738845265 22.0494222878 21.9712904371 21.8989632311 21.906688344 21.9973434217 22.0831503933 22.0889441534 22.0152579068 21.9319762809 21.9060179041 21.956260273 22.0682661777 22.1856085724 22.248199289 22.2439164618 22.2180908332 22.2191937996 22.2277054621 22.1708401044 22.0053671517 21.7994318332 21.6852970503 21.7414043089 21.9125888019 22.0814566072 22.1632088123 22.1583798283 22.1192051982 22.1021830369 22.1264837011 22.1803954942 22.2332268535 22.263029356 22.2529272695 22.2075506955 22.1319394748 22.0370838188
21.2405156685 20 20 20 21.2967639343 21.6806130535 21.9983661343 22.1546299954 22.149401568 22.0531478792 21.9596686823 21.9284454845 21.9615504342 22.0127251141 22.0266559824 21.9859829359 21.9454928206 21.9713300057 22.0587478116 22.1346070159 22.1294255047 22.0544316796 21.967979919 21.9207440179 21.9410525495 22.020356097 22.1204299354 22.183168028 22.1858519741 22.1615745753 22.1546920654 22.1588378968 22.1130615451 21.9830454531 21.8310102395 21.7824923627 21.8977770382 22.134824377 22.3917520747 22.5888736601 22.6867895255 22.7067187796 22.7091742834 22.7516237844 22.8393644984 22.9359471086 22.9910167489 22.9853931465 22.9138017486 22.7908483752 22.6425648068
21.0569093249 20 20 20 21.2581009359 21.6243492519 21.9090277708 22.0440325935 22.0398572965 21.9628626453 21.886520698 21.8620620726 21.9028517728 21.9711009098 22.0061490703 21.9953917458 21.9819921583 22.0147924977 22.0862797432 22.1337714959 22.1150718172 22.0416198469 21.9542057694 21.8876643879 21.867801144 21.9104352275 21.9932503381 22.0670691804 22.096206059 22.0942292171 22.0938935794 22.0975794506 22.0699907487 21.9964012323 21.9422632872 22.0060172265 22.2319727536 22.5696907353 22.9427344549 23.2715470042 23.4950435783 23.5938287343 23.6263242147 23.6759359913 23.7813815465 23.9101679633 24.0048191529 24.0143307376 23.9315684024 23.7753235535 23.5861632309
20.8169816992 20 20 20 21.2463749924 21.5939208675 21.8507449694 21.9695479547 21.9817552358 21.9338959559 21.8733685238 21.850018744 21.885007755 21.948218052 21.9902178634 21.9926009611 21.9904647464 22.0203706351 22.0719951165 22.1030447669 22.0831083674 22.0203186818 21.9375544683 21.8554479502 21.8010798829 21.8062000439 21.8690799765 21.9450371022 21.9951902416 22.0189789271 22.038155441 22.0590324502 22.0717200499 22.091883019 22.1816302738 22.4135406971 22.7955017488 23.2717427576 23.758470956 24.1885978937 24.4955455289 24.6559922178 24.7161868361 24.766128061 24.8602703619 24.9890437731 25.0912099746 25.1097467501 25.0257495968 24.8687597189 24.6790875453
20.7396048645 20 20 20 21.2525441874 21.5812129979 21.811055143 21.9273957162 21.9645840919 21.9520782643 21.9160052337 21.8958428355 21.9173485032 21.9622188941 21.9881316913 21.9815419169 21.9706105479 21.9882114016 22.0305260755 22.0628042029 22.0577574144 22.0120823929 21.9398266994 21.8531479423 21.7806909136 21.7614419578 21.8018724979 21.8666978015 21.9207077949 21.9627990967 22.0110127538 22.0774165382 22.1778621454 22.3457756853 22.6323975557 23.0650075143 23.6145729836 24.1992533349 24.7367701368 25.1660718297 25.4638154213 25.6279607398 25.702215295 25.7513462243 25.8240041449 25.9193111446 25.9923941078 25.9943910936 25.9222062542 25.8054008077 25.6614419776
20.81256458 20 20 20 21.265466569 21.5642282628 21.7675228137 21.8791382248 21.9414954698 21.9721594159 21.9773435201 21.977508863 21.9944282185 22.0140229956 22.0035507315 21.9623368572 21.9265160772 21.9325609989 21.9755923799 22.0185704812 22.0288337586 22.0003250873 21.9388367862 21.8609241913 21.7946974121 21.7708197721 21.8004381297 21.8561666557 21.9122029263 21.9728579696 22.0633000817 22.2164083894 22.4633404911 22.8336762593 23.334379157 23.9445097265 24.5974277967 25.1967416561 25.6667054491 25.9893717893 26.1845890947 26.2955005234 26.3573504679 26.4088415163 26.4708384874 26.5328191929 26.5601053435 26.5358683749 26.4844638839 26.4329071488 26.3632243053
20.8486840711 20 20 20 21.2753129345 21.5409562082 21.7126048988 21.8108505893 21.8842382542 21.9519258956 22.0038667988 22.0433897201 22.0719657516 22.0727730718 22.0245364626 21.9383516378 21.871633014 21.866460618 21.9114584393 21.9581880935 21.9746949443 21.9536555799 21.9031198491 21.8423740778 21.7961709468 21.7921198083 21.8343450816 21.9077627445 21.9916854972 22.0966027143 22.2646420313 22.5486235206 22.9849369668 23.5591269285 24.224779988 24.9126334528 25.5448635676 26.0471603871 26.3729567716 26.5380478772 26.606691284 26.6365348689 26.6701408927 26.7216013441 26.7892973652 26.8407609432 26.8396265756 26.7940335105 26.7570024853 26.7577747839 26.7603709305
20.876570652 20 20 20 21.2740520033 21.5195545576 21.6685406925 21.7446418245 21.80711306 21.8808242152 21.9652818834 22.0439120455 22.0985737978 22.1012243612 22.0324960157 21.9202984285 21.8273785118 21.8032152134 21.8333468416 21.8695665949 21.8776543481 21.85838509 21.8223605525 21.7816332359 21.7663839995 21.7999303179 21.8896901072 22.0184622469 22.1757032695 22.3784746483 22.6770528023 23.1248680974 23.7276559896 24.4304930024 25.1359147668 25.7643799809 26.2672103975 26.610409352 26.7896129875 26.83564227 26.8117175439 26.7867561572 26.793231097 26.8436646512 26.9198971775 26.9767415798 26.967510642 26.9045315305 26.8545638112 26.8688108989 26.9168287641
