travaux_groupes/kilucrue/mnt4.asc
NCOLS 101
NROWS 101
XLLCORNER 0
YLLCORNER 0
CELLSIZE 1
NODATA_VALUE NaN
[rows 69 to 91 of 101, columns 0 to 50 of 101]
20.8111513986 20 20 20 21.1807229809 21.4960383174 21.7032103958 21.7729683457 21.7538835299 21.7294778886 21.8052689039 22.1031607668 22.7065547998 23.577658581 24.5421329161 25.3916080642 26.0086009502 26.4046700973 26.6455109142 26.7881922306 26.8671755233 26.903950935 26.9133150932 26.9218572565 26.9547248385 27.0237452318 27.10307416 27.1525110961 27.1474447594 27.0994141098 27.053144062 27.0435944436 27.0673923794 27.0921001832 27.0921526528 27.0587354678 26.9963682077 26.9029038372 26.7868384308 26.6675912352 26.5825084849 26.5658784842 26.6214679795 26.7203371944 26.8166230009 26.8866521295 26.9145156649 26.8567630722 26.606046343 26.0436329577 25.1596395793
20.9121182447 20 20 20 21.1561372736 21.4461737287 21.6515795105 21.7410406166 21.7370044055 21.7049684484 21.7597592033 22.0417711257 22.6449604151 23.5302492568 24.523383012 25.4102832426 26.0578087236 26.4491830387 26.647018524 26.7319793805 26.7663951975 26.7712723144 26.7527482825 26.7310003683 26.7511483147 26.8318976923 26.9462087229 27.0371025462 27.0639738974 27.027951416 26.9680065357 26.9302531663 26.9330760491 26.9630906736 26.9958744743 27.0182812862 27.0128207335 26.9603249675 26.8533603296 26.725031931 26.6312016015 26.6256819965 26.7165536357 26.8504982561 26.9610935007 27.0148745283 27.0107846966 26.9124289306 26.6148026521 26.0064566649 25.0959312762
20.8930770248 20 20 20 21.1273526433 21.405216474 21.621469802 21.7324234999 21.7441947973 21.7131183107 21.7599027579 22.0271647872 22.6057691291 23.47076166 24.4671696901 25.3859069345 26.0714925914 26.4787554269 26.6606442825 26.7138405545 26.7121127659 26.6853855036 26.6368804853 26.5944373894 26.6028095708 26.6878447867 26.8241300942 26.9522461552 27.0184567436 27.0051563498 26.9356204499 26.8620463118 26.829220011 26.8491973707 26.9070646278 26.9756296696 27.0186800072 26.9966535077 26.9028358774 26.7783568797 26.704805227 26.7369223536 26.8638728579 27.0157209898 27.1150471475 27.133065895 27.0712083719 26.9012305888 26.5317599387 25.8733500719 24.9605234116
20.8617357657 20 20 20 21.0954570178 21.3720360049 21.5944251655 21.7181971551 21.7389571017 21.7197440811 21.7746096253 22.0293682522 22.5634519496 23.3656477752 24.31871427 25.2408800991 25.9685267801 26.4298612598 26.6531682221 26.7217595632 26.7158243323 26.6767809007 26.6221278874 26.5722262783 26.5679925635 26.635882328 26.7611154394 26.8966047259 26.9872631173 27.0026890446 26.9482005738 26.8614397258 26.7949940888 26.7838351325 26.8325748428 26.9147636314 26.9821576853 26.9864388785 26.9149715831 26.8226060928 26.7857056996 26.85289484 26.9968856702 27.1359893111 27.1994833419 27.1613524943 27.0268239335 26.7710173628 26.3199468207 25.6168819886 24.7268471617
20.8971786384 20 20 20 21.0602864944 21.3222709577 21.5374364044 21.6582524792 21.6975319723 21.7087993907 21.7855636924 22.0249165443 22.4913733357 23.1865258412 24.0417363443 24.9301667694 25.7064632476 26.2668252215 26.5910716471 26.7268809075 26.7538372651 26.7380652912 26.7050810794 26.666460283 26.6461986719 26.6739380822 26.7516380118 26.8495370513 26.9344927686 26.9731383579 26.951645473 26.8820664745 26.8008846853 26.7547711805 26.7706901199 26.8401906372 26.9181194927 26.9510149655 26.9237082018 26.8739970569 26.8735219631 26.952504514 27.077498315 27.1751354125 27.1777832746 27.0641428118 26.8379244573 26.4852215142 25.9491434948 25.2100914085 24.3608385891
20.966277052 20 20 20 21.0186444734 21.2563159126 21.4433805079 21.5585783417 21.6245804558 21.6850853718 21.7903635598 22.0033050933 22.3751094428 22.924188661 23.6393532142 24.4633029861 25.2850295737 25.9731852928 26.4382945824 26.6838620428 26.785419085 26.8240490532 26.8333933706 26.8118854983 26.773623789 26.7481292878 26.7524980439 26.7889061693 26.8422536403 26.8902792466 26.9011674269 26.8624032344 26.7933158997 26.7332251971 26.7234827962 26.7768141598 26.867736464 26.9454089294 26.9719753824 26.9664382538 26.9797061956 27.0394479097 27.1161232919 27.1447530995 27.066254674 26.8533307765 26.5177240713 26.0499162908 25.4265586419 24.6605884737 23.8726247146
21.0725166332 20 20 20 20.9767188087 21.1923391957 21.3578224664 21.4624596502 21.5510675207 21.6550016027 21.7868735878 21.968596026 22.2343022228 22.6235186312 23.1731173741 23.8995367911 24.7355810928 25.5348188882 26.1522658705 26.5392568337 26.7517952509 26.8681959721 26.9239000717 26.9196084098 26.8618796658 26.7830994038 26.7236074092 26.7027309542 26.7252616264 26.7711537972 26.8047754251 26.8007871114 26.7607750584 26.7146749597 26.7023000888 26.7551320682 26.8677499155 26.9928199205 27.076880519 27.1071457951 27.1165015531 27.1313984315 27.1376328708 27.0855400536 26.9109983355 26.5876676789 26.116873781 25.5166488089 24.798437299 24.0269308458 23.3190771121
21.1215650169 20 20 20 20.9418082971 21.158848214 21.3212694853 21.4188928081 21.5059628058 21.6232836654 21.7694996458 21.9325200696 22.1214323108 22.3716112686 22.753887841 23.3341402622 24.1110032441 24.9564905583 25.701117875 26.2419836764 26.5863945256 26.7939113234 26.9046069492 26.9233327083 26.8595294835 26.7570770946 26.6671372151 26.6232624317 26.6287252355 26.6703077257 26.7222435297 26.7503963834 26.7441064669 26.7224121974 26.7266498983 26.7904905353 26.9182321444 27.0746512946 27.2020561461 27.2634365328 27.2631141084 27.2256449559 27.1578676989 27.0187527872 26.7503119613 26.3034554559 25.6847185042 24.9353183021 24.137397417 23.3855154154 22.7830735053
21.1107620528 20 20 20 20.9340650367 21.1705212201 21.3518872626 21.445549951 21.5086550377 21.6040592284 21.7470255191 21.9113926618 22.0713286872 22.2369354359 22.4665806555 22.8637387966 23.4863146979 24.2830748572 25.092822612 25.7692469923 26.2525275724 26.566682927 26.7493195828 26.8168447919 26.7867216493 26.7052971049 26.6342383989 26.6014603234 26.6081158732 26.6494577206 26.7116309475 26.7661908301 26.7841281071 26.7816889472 26.7995032903 26.8685087173 26.994213002 27.1535357604 27.2974342106 27.3747472364 27.3651552073 27.2859053122 27.1460325171 26.9210745507 26.5442957522 25.9695285423 25.2046863307 24.3417435615 23.5067212214 22.8224475581 22.3383249258
21.0118562329 20 20 20 20.9669544393 21.2375661627 21.4421686593 21.5334128315 21.5611047397 21.6166456443 21.7418886948 21.9121841101 22.0738467048 22.1959919563 22.3128007899 22.5223035935 22.9414424161 23.5948140252 24.3875528713 25.1541296121 25.7773696689 26.219450838 26.5013406283 26.6485274912 26.6879770607 26.6704916056 26.6510123922 26.6568126716 26.6831982488 26.7298804074 26.7972098188 26.8560970157 26.8802540124 26.878353581 26.8937858034 26.9552343762 27.064538598 27.2024040538 27.330341558 27.3970715899 27.3711609508 27.2479616204 27.034530642 26.6990504128 26.1929288342 25.4892239956 24.6364927371 23.7484992401 22.973994617 22.4029538497 22.0518928499
20.9301376477 20 20 20 21.0417103223 21.346737765 21.5703916359 21.6500169831 21.643721595 21.6569268928 21.7581716124 21.9236572631 22.0780445011 22.1682727403 22.2059703346 22.2793482647 22.5093344807 22.9837718614 23.6810553109 24.4806658971 25.2237425669 25.8119962307 26.21581777 26.4589092493 26.5835861545 26.6439490999 26.6944360669 26.7554940696 26.8201669195 26.8838154195 26.9433388757 26.9825600042 26.9818769164 26.962607996 26.9634843734 27.0102210474 27.0962035955 27.1988616121 27.2849755608 27.3153805217 27.2481279953 27.0637231867 26.7410288135 26.2600440762 25.6067737716 24.8164931977 23.9733527246 23.1963738742 22.5817042434 22.172461804 21.9500675404
20.9885567081 20 20 20 21.1387989621 21.4711168816 21.6995220949 21.7614400258 21.7174546788 21.6975982058 21.7732913166 21.9161726324 22.0399086734 22.0860882546 22.0742472109 22.0773506568 22.1944055451 22.5160286399 23.0832768976 23.8388966637 24.6471829511 25.3541757664 25.8820611182 26.2256327004 26.4370536698 26.584528585 26.7163940695 26.8442062316 26.9541002401 27.030424333 27.0690550582 27.0638804194 27.0241739547 26.9760322806 26.9593192703 26.989013714 27.0479535556 27.1046132068 27.1355625676 27.1058879191 26.97494374 26.6929992139 26.232265609 25.5897789449 24.8202840441 24.0212119164 23.3051686247 22.7415536582 22.3487943829 22.1119478637 22.0002297698
21.0613924483 20 20 20 21.2347774151 21.5786378928 21.801969514 21.8366073734 21.7634324809 21.7148542598 21.7683094745 21.8785124392 21.9525733242 21.9527325258 21.916058235 21.9127675016 22.0010328859 22.2363057804 22.6713478025 23.3149239142 24.0801595986 24.8284819198 25.4362912203 25.8741309661 26.18352091 26.4340538801 26.6628101915 26.8615589412 27.0005958133 27.0670592411 27.0650302574 27.0149478967 26.9382006697 26.8663732454 26.8290728137 26.8327115269 26.8519923012 26.8544755215 26.8140717789 26.7095008717 26.4904541806 26.1050513056 25.5223121854 24.7806797672 23.9844459451 23.2800450794 22.7605742385 22.4338823868 22.2466078712 22.1430902696 22.1015639481
21.033594129 20 20 20 21.2983068454 21.6434359695 21.8509489687 21.8703292042 21.781495761 21.7242561017 21.7567848037 21.8298069516 21.8569122403 21.8211716307 21.7874924523 21.8204491927 21.938147121 22.142872703 22.4706473179 22.95898996 23.5910380434 24.2682137987 24.8837911544 25.3798168827 25.7842093912 26.1452615022 26.4764133885 26.7368008949 26.8822351215 26.9096424814 26.8594901299 26.7726467253 26.6752562216 26.5820750666 26.5078025131 26.4602730927 26.4193422725 26.3513331388 26.2314238105 26.0347289581 25.7308653945 25.2774907358 24.6691710828 23.957337193 23.2704393245 22.7373942261 22.4200433588 22.2744253158 22.2135859914 22.1763232662 22.1524334415
20.9062683127 20 20 20 21.3051695909 21.6361975649 21.8357655752 21.8618150336 21.7969929317 21.7511639911 21.77102725 21.8066509996 21.7975472705 21.7516034146 21.7395362422 21.8176449839 21.9745570499 22.1792875166 22.4378628335 22.7956812427 23.2712082588 23.8254149378 24.3729459783 24.8674689979 25.3182686081 25.7566161906 26.1614070522 26.4577327596 26.5858922308 26.5640265228 26.4660815091 26.3521520794 26.234134848 26.1009198268 25.9577614738 25.8188218888 25.688956098 25.5406588586 25.3402154409 25.0671075115 24.7115020949 24.2770286702 23.7669743958 23.2279145313 22.7458938785 22.4158498179 22.2567176529 22.2152201956 22.2050295904 22.1751241458 22.1389103154
20.851289166 20 20 20 21.2523245922 21.5629044324 21.7645893263 21.829435993 21.8180839498 21.8091058964 21.8224168479 21.829805236 21.8039989155 21.7689711511 21.7865460113 21.890448716 22.0662984337 22.2800368718 22.526443625 22.8325940943 23.2253361722 23.6808902769 24.1468064388 24.5847414768 25.0124051314 25.4517654728 25.8615326458 26.1434726379 26.2323157004 26.1625036693 26.0231347296 25.8752776455 25.7124798648 25.5074147309 25.2559575742 24.9930951245 24.7449945636 24.5085700841 24.2478031493 23.9424354276 23.6123811879 23.2821586924 22.9606920421 22.6497653261 22.3924242926 22.2341127085 22.1876463209 22.2030466652 22.2108313151 22.1765318201 22.1258320585
20.9159584039 20 20 20 21.1817535951 21.4702401517 21.6836420196 21.7957458502 21.8451871521 21.8769069395 21.9015360877 21.9020140307 21.8798717193 21.8698402622 21.9144424775 22.0350316578 22.2229836893 22.4648414443 22.7580505837 23.1084995409 23.5112684095 23.9409703784 24.3531949609 24.7297297976 25.0897977709 25.4554750423 25.7872470665 25.9953440412 26.0272141779 25.914396269 25.7386455128 25.5441300949 25.3174845141 25.0222620524 24.6550625652 24.2496433137 23.8633920529 23.5213061381 23.213817257 22.9306631568 22.6919384702 22.5168840652 22.384211949 22.2665171558 22.1670022285 22.1250292676 22.1508205638 22.2087009831 22.2411189639 22.2195882406 22.1683758062
20.9944007543 20 20 20 21.1421279717 21.4207594781 21.6436338657 21.7860991895 21.8754943624 21.9418834854 21.9911268557 22.013962228 22.0152725834 22.035184637 22.1158710984 22.2765659314 22.517572055 22.8345472232 23.2208955612 23.6582143564 24.1113850815 24.5419577324 24.9267990911 25.2587139997 25.5503842303 25.8093483138 26.0161970421 26.1207849176 26.0882045053 25.9439661312 25.744803561 25.5214010377 25.2555131284 24.9075285522 24.4531443955 23.9195099694 23.377919148 22.9008740983 22.5252408852 22.2696334478 22.1380160183 22.1045037332 22.1094248765 22.0950584622 22.0677638338 22.0730952479 22.134876355 22.2231123253 22.2837328911 22.2846417946 22.248444426
20.9856683245 20 20 20 21.1574765896 21.4379647415 21.662716524 21.8155695501 21.9231894515 22.0137843681 22.0931213871 22.1487447968 22.1903935678 22.256445965 22.4022602981 22.6574966908 23.0173770201 23.4562586458 23.9447066485 24.4390289071 24.8945796081 25.2892482288 25.6251713369 25.9110963388 26.1416999655 26.3099274019 26.4058532802 26.4181212564 26.3385668345 26.1861366348 26.0004524928 25.8047395059 25.5725918896 25.2466161955 24.77175084 24.1539308706 23.4671048269 22.8241409788 22.3322070604 22.0498228771 21.9700171448 22.0217774382 22.0943830785 22.1147526349 22.0914184861 22.0898930699 22.1472013561 22.2346031864 22.2966033521 22.3083787901 22.2941835772
20.964173327 20 20 20 21.2139927534 21.4974568274 21.7263919056 21.8852701321 22.0066773373 22.1143111033 22.2108904691 22.2976963022 22.3891296701 22.5401828364 22.8048461652 23.2045292789 23.7089070487 24.2629325279 24.8045824846 25.2822863002 25.6648908164 25.9622219807 26.2074270613 26.416948065 26.5859977443 26.6932341414 26.7279201488 26.6927310239 26.6005715849 26.4763631762 26.3540545357 26.2402146099 26.1022551516 25.8584425348 25.4371381179 24.808918007 24.0313175399 23.2429696063 22.6030531558 22.2192264698 22.0981498864 22.1433375693 22.2212950502 22.2369014319 22.1948489456 22.1639064306 22.183563102 22.2265939327 22.2484961962 22.2476096694 22.2542466598
20.9655459961 20 20 20 21.2764000659 21.5675500255 21.8044286063 21.9839320932 22.1248786271 22.2419891505 22.3438448445 22.4495366825 22.6161146781 22.9023281305 23.3391781418 23.8912841903 24.4917631717 25.072520783 25.581755778 25.9761118125 26.2462784192 26.4250470912 26.5581855441 26.6768224307 26.7795034041 26.848794875 26.8675150358 26.8332948165 26.7684596345 26.7053965748 26.6663388343 26.649094863 26.6002375683 26.4496829316 26.1169429918 25.5583977416 24.7993748494 23.9533494356 23.1950201835 22.6664269257 22.4077135629 22.3494942633 22.3620957282 22.3485941235 22.2950972894 22.2443918973 22.2208783015 22.1978737292 22.157525049 22.1282234353 22.1452186889
20.9145285533 20 20 20 21.3265261493 21.6212548499 21.8737295809 22.0786487199 22.2452522215 22.372461133 22.47361279 22.6132672381 22.8833607442 23.3497137438 23.9695982023 24.631337466 25.2288951726 25.7270168244 26.1202973012 26.4008173182 26.5698745459 26.6561181952 26.7056135152 26.7493034098 26.7975627166 26.8414980746 26.8634275206 26.8614300123 26.8477665462 26.8501133707 26.8826613794 26.9189310717 26.9152719043 26.815001703 26.5725417398 26.1442747781 25.5136935182 24.7340444623 23.9322960022 23.2631071232 22.8124090772 22.5682738057 22.4525995716 22.3809931556 22.3197338116 22.2719067394 22.2270055848 22.1616182766 22.0780842698 22.0194552447 22.0304789066
20.9029415263 20 20 20 21.3566952275 21.6513758339 21.9088438226 22.1323628663 22.3227066835 22.4694151392 22.6006072347 22.8076436363 23.2152561204 23.8563614899 24.6229679136 25.3192665539 25.8338282227 26.1804358065 26.4233309123 26.5935208052 26.6932106449 26.7363747677 26.7477035641 26.754157272 26.7687406102 26.7922472793 26.8210982856 26.8495505373 26.8858917268 26.9378429878 26.9968652364 27.0342256032 27.0128112029 26.9239653758 26.7607735333 26.4893348221 26.0495494866 25.4174622999 24.6557665746 23.8885710195 23.2448906874 22.7877449788 22.5033193467 22.3440896531 22.2623392657 22.2219819126 22.1870275882 22.125549222 22.0381937821 21.9670649629 21.9556246731
