travaux_groupes/kilucrue/mnt4.asc
NCOLS 101
NROWS 101
XLLCORNER 0
YLLCORNER 0
CELLSIZE 1
NODATA_VALUE NaN
[rows 46 to 68 of 101, columns 0 to 50 of 101]
20.5860194455 20 20 20 21.0919515422 21.4070182316 21.6477498846 21.7926048701 21.884992653 21.9540328785 21.9890021462 21.964119715 21.8972216708 21.8381185175 21.8391321627 21.9027961314 21.9814836919 22.010760821 21.9643263371 21.8578540951 21.7403895027 21.6762054408 21.739102335 22.0041178344 22.5446303879 23.3825552933 24.4310472106 25.479837416 26.3061241839 26.8041131912 27.0100294616 27.0225182614 26.9431486676 26.8490083143 26.7726619719 26.7233598853 26.7144667252 26.7644392917 26.8646823658 26.9840992532 27.0915474726 27.168287952 27.2083718768 27.2311858059 27.2667453368 27.3232755256 27.3760163089 27.4035667365 27.4130360467 27.4146501579 27.3892882705
20.6541503031 20 20 20 21.1054658322 21.4189982982 21.669282768 21.8385609657 21.9535131992 22.0249018109 22.0304897964 21.9682474337 21.8721700323 21.8029637102 21.8023901807 21.86636064 21.9457888879 21.986430571 21.9625221336 21.8891287378 21.8205472904 21.8420838973 22.0238889892 22.4070975449 23.0046290948 23.8061053019 24.7320043759 25.6260468464 26.3174204094 26.7230319566 26.8761690123 26.8745500106 26.8102807121 26.7406541369 26.6852742168 26.6557833146 26.67926407 26.7670122411 26.8941449756 27.0172352154 27.1070957873 27.1484433144 27.1500845245 27.1416150341 27.1639370779 27.2264719763 27.2964106382 27.3372513648 27.3444083291 27.3307574329 27.2953114207
20.8204670648 20 20 20 21.1552511129 21.4704652224 21.7286274133 21.9157956932 22.0510153927 22.1251444884 22.1125100104 22.018167084 21.8952076965 21.8128942394 21.804458946 21.8548065503 21.9160544674 21.9538705687 21.9611438259 21.9651355676 22.0293467436 22.2301261651 22.6154522471 23.1621787736 23.819536488 24.5425462291 25.282604732 25.9501813304 26.447950091 26.7289698214 26.8234003059 26.8038878403 26.7425384138 26.6811583482 26.6416528547 26.6450367841 26.7059908828 26.8180767274 26.9459420061 27.0560239617 27.1255188626 27.1469008742 27.1230830638 27.0913836713 27.0925426646 27.1360615171 27.1960286161 27.2405650778 27.2542454034 27.2403108769 27.2040487122
20.9305548337 20 20 20 21.223161774 21.5509147952 21.820263687 22.0119263812 22.141906374 22.2011745921 22.1679672036 22.0510320264 21.9146597108 21.8243349823 21.8094164117 21.841097975 21.8867063332 21.9362761986 22.0160493913 22.166322329 22.4391480471 22.8848433362 23.4908837747 24.1752134196 24.8333971341 25.4188061206 25.9278595358 26.3502568684 26.648531149 26.8017102836 26.8287270077 26.780741277 26.7103313064 26.6554539112 26.6435771716 26.6887400166 26.785771589 26.9012457255 27.0069571373 27.0877112217 27.1405577982 27.1523140033 27.1234123855 27.0803422097 27.0603245426 27.0763481942 27.1175646808 27.1614663077 27.1826570683 27.1703430497 27.1325451602
20.8744672382 20 20 20 21.2986282403 21.6553728814 21.9356642321 22.1132196963 22.202085107 22.216950981 22.1483733158 22.0158415018 21.8751215083 21.7925820421 21.7798084762 21.8137374119 21.8731829832 21.9850483459 22.2013216925 22.5623350761 23.083873538 23.7507595701 24.4996389127 25.2080202457 25.7781055763 26.1855418542 26.4772810912 26.6943440964 26.8355966616 26.8814617537 26.8391873549 26.7481199915 26.6611288534 26.6208276087 26.6491411719 26.7471597116 26.8767184293 26.991999793 27.0677630707 27.1171109948 27.1452398041 27.146962703 27.1210765329 27.0868618671 27.0698873336 27.0817622026 27.1186522679 27.1585168223 27.1686630281 27.1339486272 27.0790287597
20.7396326222 20 20 20 21.3757707767 21.7657608415 22.0535399492 22.1986508511 22.2319370224 22.1811861808 22.0702457102 21.9217581803 21.7898609213 21.7235713892 21.7358364986 21.8057822372 21.935633413 22.1750476934 22.5862969627 23.1808929884 23.9077208139 24.6856635229 25.4149725381 26.0137638617 26.427020003 26.6693393873 26.8026111929 26.8858382543 26.9290280376 26.9087474985 26.8163102138 26.6862373852 26.5785126905 26.5471966008 26.6158318804 26.7582754165 26.9170098585 27.0339731616 27.0990870069 27.1262877918 27.1355148325 27.1282405328 27.1134343218 27.1099703225 27.1277659258 27.1675328752 27.2137068128 27.2366837094 27.2065681592 27.1244274316 27.028468661
20.6168050878 20 20 20 21.4260529459 21.8347907244 22.1187025752 22.2415080057 22.2297658868 22.1347200149 21.9892238562 21.8348594422 21.7161712489 21.6750651225 21.7298004843 21.8795585888 22.1406459977 22.5640794344 23.1857767721 23.9629728609 24.7787944489 25.5043133548 26.0770911236 26.478077813 26.7236427075 26.8440184206 26.8902027555 26.9097493743 26.912666206 26.8731194546 26.7676956008 26.6202777897 26.4969670706 26.4639997704 26.5449206734 26.7019217286 26.8613882014 26.9790928845 27.0448946742 27.079752147 27.095162505 27.1030887818 27.119113931 27.1583478487 27.2267125535 27.3045460591 27.3565539021 27.3456019905 27.2586661901 27.1192295651 26.9765687412
20.5052633002 20 20 20 21.4117103092 21.8106598906 22.0848029829 22.2017184494 22.1915461078 22.0934583187 21.9515922434 21.8081358792 21.7087643103 21.6976451727 21.815959764 22.0871277216 22.5282286633 23.1549680462 23.9409425926 24.7871048472 25.5405035004 26.1027035173 26.4607272991 26.6679377639 26.7716922406 26.8106267718 26.8209788194 26.8322126231 26.8447071114 26.8194554143 26.7293426898 26.5918680544 26.4707480146 26.4318519252 26.4922406137 26.6119403123 26.735025069 26.8261586837 26.8966220937 26.9559639798 27.0115373578 27.0669461297 27.1304415262 27.2187054969 27.3326144791 27.4397125568 27.4834399867 27.4281462309 27.2835969122 27.0972984114 26.9207735241
20.4199623203 20 20 20 21.3282441868 21.6968037548 21.9542075151 22.0827634659 22.105227772 22.0533585917 21.9575246455 21.8538693029 21.7868802255 21.8225287685 22.0296350649 22.4555639735 23.0975758024 23.8967968084 24.7554995039 25.5344256652 26.1247151523 26.4882249801 26.6709130077 26.7369427311 26.7410549354 26.7224314508 26.7189183135 26.7521153161 26.7972186647 26.8027021608 26.7376599358 26.6282733015 26.5301190625 26.4868884109 26.504462578 26.5555539459 26.6053657441 26.6537675726 26.7127385474 26.79764865 26.9004645119 27.0094173085 27.1244635724 27.2575822804 27.4069869224 27.5270658124 27.5515126088 27.4479783629 27.2530663371 27.0388963307 26.849633076
20.3179197075 20 20 20 21.2268362353 21.5634924389 21.8025508298 21.9386185088 22.0006767152 22.0139439176 21.9920726211 21.9548824993 21.9490124792 22.0562850138 22.3791070024 22.9735117041 23.7936409823 24.7018560278 25.5270274445 26.156106086 26.5499392456 26.7482413868 26.8171311664 26.8091089109 26.7565385797 26.7012238722 26.690834475 26.7407768435 26.8127537293 26.8451957489 26.8103199402 26.7339358072 26.659511596 26.6109628167 26.586307976 26.567341696 26.5525229776 26.5524620062 26.593920173 26.6836925558 26.8120403825 26.9537077529 27.1017232717 27.2631990443 27.4299773364 27.5492908109 27.5468355375 27.3988199714 27.1649879068 26.9340086912 26.728692254
20.2765083782 20 20 20 21.1802438352 21.4963102995 21.7179208903 21.8480395804 21.9285217084 21.9923595459 22.0444248103 22.0873661645 22.1658705685 22.3773295215 22.8342377341 23.5811542275 24.5195810286 25.4453269649 26.1756311969 26.6352690157 26.8628308119 26.9417710768 26.9466096056 26.9109807413 26.8461583342 26.7857965931 26.7742268788 26.8214967184 26.894331586 26.9406620167 26.9343273801 26.8838673852 26.818801581 26.7596386316 26.7055022822 26.6535868524 26.6046391414 26.5794948729 26.5978248762 26.6765862471 26.7992106569 26.9428104117 27.0915888717 27.250020376 27.4093826735 27.5143190781 27.4875581886 27.3091946254 27.0484939803 26.7843271486 26.5235557103
20.347834387 20 20 20 21.2164782754 21.5280304652 21.7288927462 21.834486302 21.9081585859 21.9934925863 22.094001148 22.2103240599 22.3881558258 22.7296147461 23.3329290515 24.1907227716 25.1579609128 26.0204567117 26.6273756795 26.9548211676 27.0738703049 27.0846078969 27.0600887437 27.0224724345 26.9761229759 26.939437848 26.9359682619 26.9690054481 27.0188751846 27.0627542252 27.0729688807 27.0388288057 26.9722146086 26.8978950784 26.8363863772 26.7858875424 26.7426967547 26.711393597 26.7195861113 26.7772283263 26.8768762324 26.9896866531 27.1045987519 27.2291796894 27.358337258 27.4403287858 27.4013210147 27.2175134008 26.9334787396 26.6024637496 26.2199259897
20.50732826 20 20 20 21.3097820609 21.617117937 21.7916139358 21.8619295589 21.9131232356 21.9964267419 22.1159737401 22.2855392909 22.5682072448 23.0577398425 23.7984127285 24.715546235 25.629534865 26.3688486739 26.8533292636 27.1013171451 27.1842142768 27.1876084273 27.1668227499 27.1428578733 27.1208305431 27.1070306839 27.1085059094 27.1212547259 27.1457125847 27.1771944029 27.195581156 27.170514559 27.1002564562 27.0176635389 26.9549380459 26.9194088281 26.8932033272 26.8789822404 26.8916307123 26.9414116713 27.0045902958 27.0641293866 27.120277842 27.1912176735 27.2790761271 27.3376712852 27.2994604651 27.126717403 26.824714659 26.4021765143 25.8522041578
20.6483449807 20 20 20 21.3978952449 21.6972834072 21.8497606525 21.8932288244 21.9234439102 21.9948952864 22.1160705126 22.3224844918 22.7049872042 23.3354191204 24.1835818992 25.1054927269 25.9181619774 26.5149032175 26.896154583 27.1112719656 27.2179121483 27.2642957582 27.2819500641 27.2821359827 27.2699132755 27.2519389125 27.23039531 27.2171159265 27.2252480558 27.2580943252 27.2867531982 27.2727412989 27.204704162 27.1142641163 27.0422666185 26.9987608801 26.9833639061 26.9978766715 27.0442568952 27.0970140025 27.130832686 27.1301586635 27.1176051798 27.1292254039 27.1722582376 27.2082168023 27.1727980447 27.0169909785 26.7076071147 26.2066708228 25.5033180735
20.7044348202 20 20 20 21.4281490626 21.7235595416 21.8756140217 21.9234321934 21.9558334763 22.0228693973 22.1434704328 22.3822048548 22.8446771073 23.5760231583 24.4834883764 25.3690439215 26.0709308745 26.5481313069 26.8570709969 27.0648348592 27.2120926204 27.3160981719 27.3829694991 27.407959255 27.3908528485 27.3407299971 27.2775479469 27.2306268446 27.2328848726 27.2811182333 27.3351227722 27.3420915595 27.2835865658 27.1843337938 27.0815327014 27.0069255025 26.9875478342 27.0375325623 27.1253346365 27.2007564744 27.2175311919 27.1717630399 27.0987004126 27.0511847931 27.0487382542 27.0551103419 27.0154572981 26.8801748941 26.5852711261 26.0507160842 25.2505628621
20.7803895082 20 20 20 21.3908798642 21.6855685822 21.8658348841 21.9561640272 22.0266275852 22.113057432 22.2481725935 22.5167411025 23.026638302 23.8023511534 24.7118005208 25.5447970163 26.1594047142 26.562522074 26.8318901433 27.0357655598 27.1988799981 27.3315087702 27.4208100327 27.4540570018 27.4277686071 27.3526373882 27.2571411939 27.186717954 27.1803488118 27.2417826005 27.3218083228 27.3582284941 27.3174622229 27.2111397184 27.0797277177 26.9769814094 26.9544484454 27.0212842962 27.1374947959 27.22976493 27.2474289625 27.1807808403 27.0719786985 26.9800255836 26.9279961666 26.8951800523 26.8472326034 26.738185633 26.4792437382 25.950572058 25.1156696249
20.8937389885 20 20 20 21.3149842219 21.611219074 21.8263578712 21.9787268273 22.1101770182 22.2453920152 22.4163720206 22.7108064931 23.2345447415 24.0015771864 24.8769433343 25.6552973771 26.2245304657 26.6008155646 26.8603898399 27.0495071373 27.1972651603 27.3052680493 27.3749287082 27.3967828246 27.3704398523 27.3018046998 27.2083779733 27.1321524315 27.1160787712 27.1685319197 27.253137379 27.3049920816 27.2822404772 27.1868371135 27.0611527417 26.9675066652 26.9486355453 27.0071373297 27.1050623987 27.1902512132 27.2105448985 27.1526435559 27.0458782429 26.9357293452 26.8449064344 26.7741458096 26.7158849329 26.6280465901 26.3988602799 25.8897991399 25.055234871
20.8643422722 20 20 20 21.2473460551 21.5397548835 21.7763667327 21.9702361737 22.1581290112 22.3505546704 22.5669185622 22.8824535331 23.3982782095 24.1328363712 24.9616218176 25.7062468698 26.2639064574 26.6516041364 26.9159950536 27.094938286 27.2000444595 27.2574590839 27.2814417511 27.2892794178 27.2796146959 27.2440963897 27.182837477 27.1198649818 27.0935849864 27.1204833255 27.1740999685 27.2123812329 27.1989249208 27.1345865346 27.0569826937 27.0069866331 26.9979832252 27.0198707583 27.0599382712 27.1036220631 27.1250325197 27.0957242397 27.0239655596 26.9309429193 26.8319704379 26.7429842715 26.6705931133 26.5747502133 26.3404360549 25.8323132732 25.0224833197
20.6832188433 20 20 20 21.2073887187 21.502724141 21.7365928226 21.9367220806 22.1438626037 22.3676057071 22.6134527639 22.9429238985 23.4494946897 24.1564599831 24.9588962196 25.6938087223 26.266231754 26.673858659 26.9573518788 27.1281202241 27.2022708387 27.2097204393 27.2024336841 27.2074253569 27.2265571516 27.2331386069 27.2136087704 27.1754366713 27.1449777011 27.1353304912 27.1412812021 27.1433714607 27.1304422045 27.1041934295 27.0854021024 27.0810269857 27.0722977511 27.0405358635 27.0070778658 27.0017132478 27.0178478861 27.0258851867 27.002356511 26.9513847581 26.8814452561 26.8003667708 26.7137057658 26.5790910097 26.299553343 25.7777409462 25.0004738852
20.4831936936 20 20 20 21.1951233827 21.5005398074 21.7281541212 21.9023960207 22.08068028 22.2844167276 22.5268095693 22.8593880533 23.3674522787 24.0750287442 24.8834191339 25.6322786565 26.2199457722 26.6464542464 26.9427922924 27.1224401222 27.1874373369 27.1792047267 27.1627757147 27.1838669116 27.2299302049 27.2730119968 27.2858769971 27.2730918298 27.241771748 27.2026412888 27.1634060016 27.1345562106 27.1197144892 27.1236143473 27.1413322682 27.1538030879 27.1196422269 27.0316698352 26.9355088894 26.8904396445 26.904803848 26.9385178144 26.9577643028 26.9526707669 26.9268116228 26.8792021379 26.7885892414 26.6161280207 26.2933347761 25.7573933717 25.0062065411
20.3656494719 20 20 20 21.1954268639 21.522954702 21.7461847273 21.8821753256 21.9922001072 22.1338085263 22.3390490927 22.6661634491 23.1901930082 23.9281202464 24.7695782082 25.5421635601 26.1393743227 26.5663714678 26.8705737159 27.0660408701 27.1486340647 27.1531885284 27.1513289638 27.1875848062 27.2558697352 27.3141328161 27.3466073982 27.3471428558 27.3180671028 27.2627408268 27.2024947099 27.1619798181 27.1542585081 27.1713502819 27.1959581613 27.1879750796 27.1137219536 26.9787811004 26.844134758 26.7742475098 26.7812197333 26.824065903 26.8627643518 26.8881476102 26.905040232 26.8980242825 26.8335141602 26.6632172973 26.3378617472 25.8016153877 25.048656155
20.4063054956 20 20 20 21.198139553 21.5420957228 21.7652424243 21.8594050874 21.8985936677 21.9603941057 22.1164146322 22.4347592198 22.986553252 23.7700222278 24.6563622695 25.4538535791 26.0518109266 26.4690506332 26.769503689 26.9748178586 27.0800372644 27.1103432873 27.1257416111 27.1709565839 27.2375104724 27.3009637646 27.3394502725 27.3479969514 27.3209473214 27.2639908111 27.2052244893 27.1770538382 27.1833507422 27.2052933602 27.2105950398 27.1688438704 27.0635816619 26.9120484229 26.7666351774 26.6790720078 26.6631471792 26.6931336955 26.732577583 26.7744507644 26.8211515477 26.856767735 26.8370916403 26.7166545637 26.4284466361 25.8989297784 25.112266217
20.5943332294 20 20 20 21.1953537706 21.5341268435 21.7511038327 21.821663538 21.8108232871 21.8152798763 21.9244189493 22.2345659483 22.8164995434 23.6490323018 24.5778664043 25.3976580203 25.9990209027 26.4050306513 26.6850827473 26.8746595896 26.9818528926 27.0275893709 27.0512747534 27.0831586979 27.136639187 27.1980907081 27.2497301274 27.2715397776 27.2499028023 27.1967228775 27.1489640548 27.1390076585 27.1618362207 27.182953782 27.171613198 27.1145333685 27.0107573845 26.8792771535 26.7455937876 26.6413882857 26.5893561463 26.5904400105 26.6313081009 26.6932396409 26.7663570511 26.8285395851 26.8509782194 26.7814460358 26.5330944071 25.9980253464 25.1604230027
