travaux_groupes/kilucrue/mnt4.asc
NCOLS 101
NROWS 101
XLLCORNER 0
YLLCORNER 0
CELLSIZE 1
NODATA_VALUE NaN
[rows 23 to 45 of 101, columns 0 to 50 of 101]
20.9402417883 20 20 20 21.2587831777 21.5049789373 21.6523181386 21.7157531677 21.7500359222 21.8021199199 21.8856194576 21.9864098921 22.0659779747 22.0826958364 22.0190248863 21.9024965249 21.7969538192 21.7447086792 21.7404831869 21.7447245661 21.7376882273 21.7226852458 21.7063541 21.7019464167 21.7318976103 21.8259066346 21.9884789646 22.2097031162 22.4895277836 22.8510553879 23.3268876431 23.9238376918 24.6061083643 25.2898334666 25.8916072873 26.3598707807 26.6825012605 26.8784705021 26.9645008023 26.9610360402 26.9116073125 26.869952436 26.8745998083 26.9269985028 27.0050413817 27.0579416976 27.0401507206 26.9563114633 26.876571866 26.8684748049 26.9299558842
20.8924864956 20 20 20 21.2364329026 21.4963187325 21.6661758164 21.7396520384 21.7607365106 21.7816651363 21.8383141313 21.92845517 22.010592182 22.0329527238 21.9745006982 21.8629238755 21.7500785336 21.6757875134 21.6329486885 21.6032609101 21.5811767272 21.5765654625 21.5977353024 21.6473725669 21.7469283865 21.9159041453 22.1632103505 22.4992232605 22.9403686977 23.4985432432 24.1506223469 24.8366375126 25.4747672922 26.0102507456 26.4143726886 26.683198311 26.8445989015 26.9404932283 26.9927618674 26.9960680397 26.9608463617 26.9318557788 26.9500797681 27.0170374939 27.0925579181 27.1284611677 27.0938920462 26.9987414386 26.899408861 26.8642318363 26.9069020397
20.7590927093 20 20 20 21.2190008418 21.5008854367 21.7044260078 21.8139145045 21.8515123775 21.8582273289 21.8771115035 21.9243503478 21.9728668566 21.9729840526 21.9016503096 21.7827757111 21.6672173685 21.5834405397 21.5288849594 21.4866651373 21.4645921176 21.48324738 21.5506818173 21.6700617924 21.842881272 22.0826283894 22.4140268736 22.8712376796 23.481354101 24.2164552567 24.9876017005 25.6729535543 26.1926460707 26.5353586854 26.7353026633 26.8345881918 26.8837318581 26.9292092195 26.9778371956 27.0034613056 26.9901843647 26.9733408716 27.0040221499 27.0855847418 27.1664180602 27.1964486448 27.1595413902 27.0758963683 26.9842551896 26.9269537924 26.9327661526
20.7083445548 20 20 20 21.22328182 21.5248210688 21.7614679647 21.9123000337 21.9858490756 21.9996936209 21.9874435256 21.9780563686 21.9652505263 21.91883748 21.8215489467 21.6932720086 21.5775605981 21.5040924786 21.4635188893 21.4405627368 21.4421385358 21.4925963338 21.605622629 21.7757892 22.0004149231 22.2945063337 22.7030190921 23.2777522721 24.0229002354 24.860266948 25.6480205194 26.2626169251 26.6564047741 26.8592330497 26.9327582922 26.939384013 26.9349815694 26.9576237113 27.0080662857 27.0430186563 27.0356894133 27.0142095271 27.0368518116 27.1166567865 27.2097033652 27.2601728093 27.2546750843 27.2062701189 27.1330373572 27.0595853878 27.0139106853
20.8046191334 20 20 20 21.2538498144 21.5683976663 21.8226070373 21.9978534004 22.098260784 22.1276427849 22.1001491641 22.043373093 21.9740131954 21.8888327759 21.7805713581 21.662416855 21.563379616 21.5051771643 21.4844034371 21.4885161058 21.5235109988 21.6035969676 21.7363820352 21.9197628292 22.1589849362 22.4940336024 22.9870661164 23.6720852746 24.4995910759 25.3399655235 26.0462257817 26.5435151089 26.8438264246 26.9958220504 27.0510131557 27.0555830164 27.0508443419 27.0722148941 27.118085633 27.1465833018 27.1226705168 27.0734487763 27.0604383767 27.1148527118 27.2070241068 27.2914090502 27.3401740125 27.3426341852 27.2917689231 27.1997213685 27.1085398019
20.9014089316 20 20 20 21.2882489651 21.616820514 21.871892961 22.0446762033 22.1483824792 22.1833030781 22.1510590662 22.0739116035 21.9838168737 21.8975116401 21.817427795 21.7426010956 21.6795142896 21.6333396128 21.6119197952 21.6234442864 21.673129409 21.7611855162 21.8820430643 22.0402690895 22.2744309325 22.6563921003 23.2518839997 24.0432406631 24.9092814374 25.677466792 26.2404986043 26.6017265058 26.8291946881 26.9826852367 27.084577342 27.1427461796 27.178517742 27.2204050334 27.2685671901 27.282926303 27.2273938422 27.1302670435 27.0611391144 27.0637399507 27.1338559999 27.2411182436 27.3487390144 27.4106152161 27.3907619827 27.2989725746 27.1825188114
20.8738134697 20 20 20 21.2945785695 21.6316471134 21.8920911038 22.0543302782 22.1430723248 22.167007905 22.1325774216 22.064014931 21.9944731732 21.9450514159 21.9209705311 21.9104212437 21.8894315709 21.8512077684 21.8102686993 21.7995364847 21.8362200747 21.9075934023 21.9955569918 22.1218046842 22.3605095428 22.8146962754 23.5278803736 24.4162312466 25.2853344141 25.9567753191 26.3721184273 26.599792632 26.7525769017 26.8957105717 27.0312424008 27.1402315174 27.225618002 27.304011083 27.3714861394 27.3779550583 27.2901462413 27.1390929494 27.0042598736 26.9447553207 26.9802521496 27.0995573049 27.2560515563 27.3758005911 27.4022663352 27.3414809696 27.2389602088
20.8051452055 20 20 20 21.2440033624 21.5879330498 21.8607407625 22.0321288125 22.1077136387 22.1143296968 22.0798599489 22.0373664662 22.0099468658 22.0120678161 22.0415080235 22.0762730867 22.0847472846 22.0472573806 21.9876439749 21.9497297267 21.9627616299 22.0108099504 22.0738363674 22.1860874507 22.4624547288 23.0149935859 23.8460549053 24.801084393 25.6514099095 26.236579435 26.5414431127 26.6667574662 26.7372503061 26.8265368619 26.9386947125 27.0547301203 27.1650842384 27.2753157382 27.3607877617 27.3698206914 27.2622486846 27.0733151086 26.8864084146 26.7807357746 26.7946248599 26.9211158291 27.1065388031 27.2631193926 27.3346384918 27.3269606318 27.2736309354
20.7448200676 20 20 20 21.1552046999 21.4894946217 21.7802900103 21.9707241473 22.0524249418 22.05063501 22.0209614128 22.0058216856 22.0245541669 22.0701722434 22.1265413227 22.16855113 22.1701555294 22.1264605133 22.0614866259 22.0196405298 22.0236017355 22.0643501252 22.1207819191 22.2493693267 22.5889597876 23.250557261 24.1814233769 25.169275534 25.9834601666 26.5054162609 26.7518894384 26.8176478103 26.8169185639 26.8261137228 26.874390319 26.9549800232 27.0570706902 27.1634489394 27.2465106413 27.249604382 27.1406998484 26.945184919 26.7507176393 26.6431776237 26.6616929802 26.7933098863 26.9728006941 27.1251237205 27.2116812547 27.2517268942 27.2627842366
20.7851471686 20 20 20 21.0719583743 21.3865644864 21.6751601177 21.8807790808 21.9740707193 21.9772888012 21.9529682386 21.9630801249 22.0198524281 22.0978872607 22.1581809292 22.1749443486 22.1433847206 22.0835933926 22.0282802939 22.0040234087 22.0226641289 22.0658004675 22.1330619417 22.2958615198 22.7095846827 23.4720072548 24.4791316921 25.4744779772 26.2416896844 26.7150715408 26.93356757 26.9778511156 26.9318718381 26.8776557036 26.8653470588 26.9039541363 26.9696816935 27.0416435075 27.0892251234 27.0755327897 26.9697553755 26.8055848204 26.6582023069 26.5960265023 26.6427808022 26.7668194997 26.9067285936 27.0069452947 27.0681509862 27.1241598602 27.1861525935
20.8424503785 20 20 20 21.0277958568 21.3192038413 21.5889399026 21.7827186637 21.8758650106 21.8827786268 21.8666928192 21.8951190649 21.9834887256 22.0864643183 22.1469914772 22.1353717641 22.0693630795 21.9940556149 21.9513257922 21.9551408431 21.98956209 22.0382381581 22.1138286274 22.3190421036 22.8111608169 23.6596584275 24.7178794977 25.7045161679 26.422281801 26.8433875028 27.0350342373 27.067059094 27.0083904729 26.933155896 26.9008291388 26.9133043213 26.9416852387 26.9619398804 26.9633281058 26.9195019257 26.8267476973 26.7160159683 26.6446544446 26.6481594798 26.7212017604 26.8249415638 26.9045449771 26.9338128123 26.9405357947 26.9765161864 27.059270116
20.8381388442 20 20 20 21.0181479948 21.2962317839 21.5363188587 21.6973778062 21.7689306367 21.7722501794 21.7640867108 21.8068036541 21.9158651879 22.0410404596 22.1088514055 22.0893431539 22.0087787041 21.9315649975 21.9059366459 21.9326771879 21.980629758 22.0242798416 22.1063104454 22.3542487415 22.9222842279 23.8402376761 24.9241871406 25.8897537385 26.5563832496 26.921925295 27.0707699091 27.0841911777 27.0294066374 26.9761544202 26.962603611 26.9758320814 26.9751728179 26.9465603153 26.8953645126 26.828914582 26.75464393 26.7019103474 26.6958245864 26.7430627802 26.8239154958 26.8996935645 26.9280505412 26.8987872488 26.8522267016 26.8521187886 26.9257622585
20.8082009627 20 20 20 21.0326464243 21.3035257974 21.515471673 21.6389232095 21.6846282815 21.6810761358 21.6755801862 21.7245571065 21.8421078598 21.9763056581 22.0560296991 22.0449447217 21.9770345249 21.9181678907 21.9186166557 21.9716181421 22.0299032294 22.0709580565 22.1583048438 22.4453552372 23.0760806351 24.0385563084 25.1227080921 26.0540230638 26.6731557002 26.9900914439 27.0984689443 27.0901687074 27.0450121523 27.0240151361 27.0450284653 27.068716506 27.0476807125 26.9738566113 26.8763389019 26.790800757 26.7398850499 26.7293490719 26.7575466434 26.8131986882 26.8825817466 26.9348556529 26.9359686913 26.8783235685 26.8058472679 26.7754962238 26.8247491542
20.781741541 20 20 20 21.0744483914 21.3403078874 21.5306186759 21.6298760213 21.6623415115 21.6541376043 21.6494572072 21.6956935219 21.8025905472 21.9256999236 22.0008221345 22.0033581438 21.9580001157 21.9299115383 21.9648466731 22.0523971398 22.1304588332 22.1747132098 22.2709845982 22.5904128581 23.2595765784 24.2356873265 25.2977211736 26.1860076759 26.7683309382 27.0612801894 27.1543814867 27.1424974069 27.1049261556 27.0995244491 27.1304468756 27.1500134155 27.1091977842 27.001580864 26.8734230016 26.7781995383 26.7419266872 26.75268001 26.7859848678 26.8321021514 26.8832285481 26.92235473 26.9165081005 26.8626319335 26.7910970367 26.7485082903 26.7607253706
20.7029128781 20 20 20 21.1417312735 21.4078151572 21.5892987972 21.6834590025 21.7159364908 21.7134544712 21.7122049657 21.7531768088 21.837128744 21.9244400986 21.9734337948 21.9704623475 21.9401890065 21.9330503217 22.0007654368 22.123972005 22.2288605139 22.2849814076 22.3926361903 22.7294172843 23.4112351284 24.375754772 25.4028085211 26.2571439574 26.8235628504 27.1255258432 27.2400815202 27.2446906068 27.21248471 27.1926054553 27.1921239836 27.1812312302 27.1185164966 26.9997145457 26.8656791973 26.7749702399 26.7458264223 26.7560952787 26.779826623 26.8128782204 26.8596225614 26.8979410203 26.9036358002 26.8698604213 26.8177948141 26.766967893 26.7330317719
20.6417276342 20 20 20 21.2065032073 21.4790502778 21.6716989411 21.7797236036 21.8255942561 21.8334847653 21.8428821745 21.8821268251 21.9402565388 21.9796329073 21.9844249841 21.9563286949 21.9159897184 21.9153302127 21.9972391076 22.1426276397 22.2695522958 22.3426429783 22.4586098593 22.7974786136 23.467836602 24.4060719152 25.4053919468 26.2511366166 26.8374402338 27.1773084703 27.3318860265 27.3628338261 27.327456333 27.2724456262 27.2206220444 27.1660992137 27.0883272587 26.9768959096 26.861013686 26.7807995118 26.7494028763 26.7455343727 26.7553380971 26.7897968633 26.8517386737 26.915435459 26.9465475906 26.9405547938 26.9069681859 26.8448076113 26.7611262781
20.7327953863 20 20 20 21.2285207025 21.5132645109 21.7329307182 21.8728252794 21.9396101313 21.9627025758 21.9823451275 22.0191637471 22.0486270625 22.0445248442 22.0038077513 21.9443767802 21.888227167 21.8772335533 21.952847608 22.0930277648 22.2239364904 22.3115436747 22.4397993391 22.7712439404 23.4152201033 24.3262120358 25.321446534 26.1938063541 26.8277626178 27.2158298157 27.4073214388 27.4562055736 27.4125222639 27.3248145352 27.2307933375 27.1489443061 27.0699010096 26.9770298769 26.8779519553 26.799379781 26.7502542256 26.7261968496 26.7336098152 26.7908770797 26.8925211681 26.9977533337 27.0658593957 27.0872018534 27.0614187735 26.9862003168 26.8663176897
20.9632749489 20 20 20 21.201853755 21.4958281275 21.7451164968 21.9154717979 22.0073029047 22.0477374165 22.0765483949 22.0990399125 22.0966748648 22.0562613047 21.9914242852 21.9188012177 21.8575143045 21.836006469 21.8807478271 21.9844902998 22.0957746158 22.1920738062 22.34031522 22.6704310702 23.2894837491 24.1885794571 25.2094795463 26.1339312973 26.8192776469 27.2440440014 27.45411945 27.5087868084 27.4585427177 27.3513358251 27.2415742552 27.1619185686 27.0984785116 27.0230709459 26.9294582804 26.8339856377 26.7570041941 26.7182071833 26.7417015161 26.8380796689 26.9843331426 27.1291329855 27.2303717338 27.2668478407 27.2437391043 27.164849553 27.0406958218
21.2027218352 20 20 20 21.1632954152 21.4566632899 21.7184675738 21.899855757 22.0055567902 22.0690690473 22.1094744966 22.1173853113 22.0785887937 22.0127174754 21.9463935017 21.8921240329 21.8460440976 21.8116967708 21.8107886136 21.8513080147 21.9223886933 22.0192508692 22.1869889885 22.5222353101 23.1324235322 24.0392084276 25.1046845684 26.0918929878 26.8221202773 27.2630851286 27.4757953361 27.5273841151 27.4669029265 27.3513520938 27.2469035103 27.1859532365 27.1482194063 27.0908207436 27.0002670323 26.8898413524 26.7943763033 26.7571931163 26.808050808 26.9389579025 27.1102048195 27.2721560059 27.3778236896 27.416214025 27.3968340265 27.3357756996 27.2420327617
21.285937523 20 20 20 21.1456748178 21.4371741977 21.6881252204 21.8538169801 21.9586959328 22.0435623028 22.1084969402 22.1126744624 22.0488821226 21.9638555108 21.9126830442 21.8954442661 21.8760776282 21.8314389487 21.7758812452 21.7479452099 21.7691506735 21.8510514166 22.0184119169 22.3485333827 22.951328288 23.8712315793 24.9844593375 26.0330056681 26.8074107531 27.2652919229 27.4767652168 27.5165651818 27.4410447675 27.3161703433 27.215197725 27.1723339743 27.1554692868 27.1205406158 27.0470449945 26.9528896931 26.8750421279 26.8635193581 26.9388522131 27.0812790846 27.2462649468 27.3852902412 27.4693472447 27.4926399659 27.4836238197 27.4602147235 27.4096565789
21.1644563319 20 20 20 21.1475224953 21.441080241 21.6744230374 21.8127530815 21.9052318858 22.0050181929 22.0916456746 22.1065414905 22.0360830174 21.9482401941 21.9137352412 21.9333340148 21.9416174837 21.8920697786 21.7993136909 21.7163527258 21.6901866852 21.7340380832 21.8674676996 22.163119406 22.740986765 23.6613891081 24.8048717466 25.9061927968 26.7319055567 27.2219851448 27.4419027639 27.4723106617 27.3784409231 27.2377708616 27.131853693 27.090601866 27.0832283225 27.0650964787 27.0303127902 26.9901416127 26.9739610537 27.0076017194 27.1001621551 27.2270139512 27.3535908149 27.4502417408 27.4948989865 27.5011005605 27.5042850676 27.516550317 27.5031352963
20.9097783888 20 20 20 21.1393194377 21.4431555272 21.6677069748 21.7886330294 21.8700397633 21.9660502435 22.0567075107 22.0767330968 22.0161779516 21.9401487673 21.9232055283 21.96406457 21.9983427001 21.9633225578 21.8645416749 21.7551998515 21.6836746688 21.6715316024 21.7467905376 21.9937401558 22.5350948537 23.4335020698 24.5812084426 25.7119461033 26.5837821573 27.1111080019 27.3465315323 27.3741216058 27.2696605167 27.1227680386 27.0121610659 26.9626716797 26.9479397907 26.9462542241 26.9557625994 26.9894339822 27.0472539318 27.1272926237 27.2209307193 27.3163594098 27.3990362309 27.4551158969 27.4752166262 27.4737268206 27.4856468754 27.5151143692 27.513686255
20.6929752364 20 20 20 21.1132812662 21.4254057521 21.6550117628 21.7806041179 21.8587233917 21.9411510178 22.0080960737 22.0164102559 21.9613798927 21.9009774615 21.8951729249 21.9508353331 22.0086260083 22.007847269 21.9312352387 21.8159491066 21.7079024493 21.6449900779 21.6807233684 21.9054539906 22.425656668 23.2933223223 24.4097649341 25.5328162981 26.4132036127 26.9522162933 27.1887598912 27.2114894286 27.114556419 26.9856392768 26.8866400498 26.8299009589 26.8102534225 26.8269213569 26.8848174309 26.9755855686 27.0801663668 27.1759845752 27.252484613 27.3110195741 27.3623940523 27.4070760836 27.4326917965 27.4410367347 27.4552470109 27.4763066159 27.4686469287
